100 0.054
1100 0.618
2100 1.223
3100 1.815
4100 3.195
5100 4.21
6100 5.236
7100 5.255
8100 5.417
9100 5.594
10100 5.637
11100 5.976
12100 6.124
13100 5.994
14100 6.573
15100 6.771
16100 8.043
17100 7.117
18100 6.466
19100 6.8
20100 7.119
21100 7.401
22100 7.933
23100 8.406
24100 9.051
25100 9.281
26100 9.801
27100 10.259
28100 10.592
29100 10.959
30100 11.384
31100 11.723
32100 12.5
33100 12.669
34100 14.101
35100 14.505
36100 14.624
37100 13.302
38100 13.555
39100 14.03
40100 15.027
41100 15.349
42100 16.667
43100 17.802
44100 19.255
45100 19.865
46100 17.92
47100 18.722
48100 18.845
49100 19.366
50100 19.411
51100 19.748
52100 22.283
53100 20.754
54100 21.859
55100 21.013
56100 21.487
57100 22.177
58100 23.12
59100 23.075
60100 23.039
61100 23.45
62100 25.017
63100 24.485
64100 24.897
65100 25.294
66100 25.749
67100 25.853
68100 26.378
69100 28.529
70100 30.219
71100 28.331
72100 28.225
73100 28.759
74100 29.032
75100 29.451
76100 29.708
77100 31.224
78100 30.6
79100 31.305
80100 31.949
81100 32.327
82100 32.504
83100 34.534
84100 33.879
85100 36.653
86100 34.585
87100 34.919
88100 35.465
89100 36.471
90100 36.758
91100 37.279
92100 36.997
93100 37.847
94100 38.724
95100 38.773
96100 39.251
97100 41.086
98100 39.581
99100 40.579
100100 41.304
101100 41.105
102100 41.586
103100 42.314
104100 42.862
105100 43.449
106100 43.502
107100 43.911
108100 44.674
109100 45.88
110100 45.861
111100 45.822
112100 46.316
113100 47.421
114100 46.781
115100 48.2
116100 48.232
117100 49.468
118100 51.385
119100 51.29
120100 50.509
121100 52.021
122100 51.394
123100 52.388
124100 52.459
125100 52.784
126100 53.247
127100 53.527
128100 54.715
129100 54.217
130100 55.075
131100 55.053
132100 55.314
133100 56.735
134100 62.448
135100 57.365
136100 58.022
137100 59.508
138100 58.06
139100 58.89
140100 59.915
141100 61.709
142100 62.559
143100 60.693
144100 61.653
145100 62.098
146100 63.103
147100 64.255
148100 64.002
149100 67.486
150100 66.285
151100 65.956
152100 65.056
153100 67.666
154100 66.599
155100 66.828
156100 70.359
157100 70.023
158100 70.713
159100 71.517
160100 69.535
161100 71.235
162100 73.231
163100 72.547
164100 72.103
165100 74.876
166100 73.118
167100 74.527
168100 77.918
169100 75.483
170100 74.873
171100 77.444
172100 76.306
173100 75.5
174100 78.424
175100 78.256
176100 78.653
177100 81.895
178100 80.317
179100 79.906
180100 81.282
181100 82.92
182100 81.689
183100 81.642
184100 83.02
185100 89.467
186100 86.806
187100 82.95
188100 84.503
189100 87.13
190100 87.78
191100 90.304
192100 89.26
193100 87.296
194100 86.671
195100 87.352
196100 97.763
197100 89.673
198100 90.515
199100 89.934
200100 89.942
201100 91.707
202100 93.646
203100 89.893
204100 91.74
205100 91.798
206100 94.377
207100 95.727
208100 94.363
209100 95.824
210100 100.214
211100 97.498
212100 97.246
213100 98.783
214100 97.793
215100 104.406
216100 96.999
217100 100.673
218100 99.633
219100 104.383
220100 99.943
221100 104.21
222100 100.962
223100 103.792
224100 102.632
225100 105.215
226100 102.39
227100 106.313
228100 103.534
229100 106.248
230100 104.125
231100 107.366
232100 104.978
233100 108.864
234100 106.291
235100 109.428
236100 107.608
237100 110.79
238100 109.659
239100 111.179
240100 109.242
241100 113.367
242100 109.967
243100 113.509
244100 110.429
245100 115.136
246100 112.331
247100 117.578
248100 115.909
249100 120.679
250100 118.964
251100 120.029
252100 119.02
253100 122.435
254100 119.196
255100 121.217
256100 119.097
257100 121.778
258100 121.302
259100 122.707
260100 123.75
261100 123.654
262100 122.568
263100 125.167
264100 124.351
265100 126.158
266100 125.438
267100 127.195
268100 125.969
269100 128.532
270100 126.557
271100 131.225
272100 129.324
273100 130.065
274100 127.873
275100 131
276100 129.03
277100 132.055
278100 131.076
279100 132.242
280100 131.581
281100 132.479
282100 132.445
283100 134.185
284100 134.367
285100 137.388
286100 135.611
287100 136.384
288100 138.316
289100 139.41
290100 138.914
291100 143.04
292100 142.683
293100 141.981
294100 142.544
295100 143.998
296100 142.669
297100 142.695
298100 144.19
299100 145.593
300100 143.353
301100 145.243
302100 144.13
303100 146.256
304100 147.209
305100 148.248
306100 146.037
307100 151.599
308100 146.122
309100 147.657
310100 150.461
311100 149.9
312100 148.395
313100 151.978
314100 149.257
315100 151.922
316100 154.354
317100 152.128
318100 151.518
319100 157.051
320100 154.122
321100 155.022
322100 156.938
323100 158.588
324100 154.619
325100 158.793
326100 159.359
327100 159.686
328100 157.896
329100 158.495
330100 161.005
331100 162.04
332100 161.02
333100 163.73
334100 161.523
335100 164.174
336100 166.898
337100 165.138
338100 166.055
339100 166.711
340100 166.104
341100 166.679
342100 169.509
343100 170.463
344100 173.133
345100 172.254
346100 172.096
347100 173.068
348100 171.042
349100 171.134
350100 172.155
351100 173.309
352100 175.644
353100 173.098
354100 175.194
355100 177.148
356100 173.695
357100 176.424
358100 175.444
359100 179.404
360100 182.16
361100 179.477
362100 179.918
363100 182.1
364100 178.917
365100 183.453
366100 181.64
367100 180.562
368100 181.94
369100 191.841
370100 188.472
371100 188.024
372100 196.438
373100 189.718
374100 189.485
375100 192.852
376100 190.775
377100 194.714
378100 190.61
379100 193.917
380100 190.804
381100 193.111
382100 190.87
383100 196.831
384100 200.065
385100 198.091
386100 200.834
387100 195.221
388100 196.525
389100 196.309
390100 196.99
391100 200.681
392100 203.052
393100 201.941
394100 205.489
395100 202.684
396100 202.34
397100 206.253
398100 207.066
399100 206.12
400100 207.135
401100 206.194
402100 208.818
403100 208.127
404100 214.936
405100 214.102
406100 211.096
407100 209.405
408100 209.683
409100 211.163
410100 211.429
411100 212.185
412100 217.646
413100 217.026
414100 214.969
415100 219.561
416100 217.689
417100 220.349
418100 215.538
419100 220.993
420100 217.626
421100 221.99
422100 222.434
423100 224.169
424100 222.6
425100 228.398
426100 227.813
427100 228.114
428100 225.601
429100 229.068
430100 222.974
431100 228.087
432100 223.971
433100 228.959
434100 238.316
435100 234.228
436100 242.671
437100 232.294
438100 228.898
439100 234.336
440100 231.737
441100 231.775
442100 231.251
443100 233.957
444100 239.921
445100 233.714
446100 233.527
447100 236.431
448100 234.747
449100 237.925
450100 242.553
451100 235.156
452100 245.849
453100 238.474
454100 243.073
455100 239.252
456100 243.843
457100 243.881
458100 244.39
459100 241.975
460100 246.016
461100 245.389
462100 244.148
463100 247.73
464100 246.973
465100 252.262
466100 248.021
467100 249.855
468100 250.332
469100 252.865
470100 252.619
471100 253.708
472100 251.542
473100 251.273
474100 255.876
475100 252.257
476100 257.012
477100 253.894
478100 258.297
479100 254.015
480100 254.569
481100 254.265
482100 256.742
483100 259.404
484100 256.57
485100 259.843
486100 260.762
487100 262.989
488100 261.629
489100 277.641
490100 272.803
491100 274.095
492100 271.837
493100 269.373
494100 293.365
495100 269.439
496100 266.325
497100 270.404
498100 265.806
499100 270.033
500100 273.159
501100 268.548
502100 272.444
503100 272.725
504100 273.07
505100 281.1
506100 273.279
507100 275.768
508100 273.9
509100 281.228
510100 285.379
511100 277.478
512100 279.251
513100 275.343
514100 278.752
515100 282.294
516100 276.297
517100 282.292
518100 283.82
519100 283.708
520100 285.449
521100 287.183
522100 286.084
523100 291.58
524100 283.944
525100 286.13
526100 290.952
527100 285.886
528100 291.582
529100 289.847
530100 286.808
531100 290.423
532100 288.481
533100 291.161
534100 290.466
535100 290.989
536100 294.415
537100 300.738
538100 299.18
539100 295.202
540100 301.466
541100 298.832
542100 296.156
543100 301.457
544100 297.642
545100 300.265
546100 306.744
547100 297.23
548100 302.548
549100 309.396
550100 299.596
551100 301.72
552100 306.11
553100 305.492
554100 313.492
555100 311.59
556100 309.154
557100 309.354
558100 310.798
559100 306.383
560100 314.842
561100 316.052
562100 315.37
563100 329.463
564100 311.753
565100 315.804
566100 312.472
567100 323.109
568100 328.36
569100 322.907
570100 321.382
571100 322.24
572100 323.262
573100 314.913
574100 320.901
575100 322.697
576100 318.058
577100 323.666
578100 327.243
579100 323.083
580100 334.588
581100 327.864
582100 334.036
583100 324.084
584100 326.314
585100 327.862
586100 331.981
587100 327.213
588100 331.717
589100 338.271
590100 325.961
591100 330.775
592100 331.17
593100 337.65
594100 328.886
595100 333.985
596100 335.789
597100 343.81
598100 334.988
599100 340.014
600100 339.402
601100 343.711
602100 337.699
603100 338.059
604100 341.56
605100 346.045
606100 340.088
607100 342.134
608100 351.492
609100 349.324
610100 337.515
611100 341.764
612100 347.361
613100 355.523
614100 348.782
615100 349.619
616100 347.038
617100 354.864
618100 353.536
619100 350.086
620100 349.934
621100 355.141
622100 364.418
623100 349.312
624100 352.03
625100 356.546
626100 354.98
627100 359.084
628100 352.047
629100 354.27
630100 363.605
631100 363.674
632100 364.688
633100 356.719
634100 390.413
635100 358.59
636100 370.646
637100 379.878
638100 365.348
639100 364.466
640100 368.282
641100 370.304
642100 372.558
643100 373.985
644100 366.152
645100 365.674
646100 368.329
647100 372.477
648100 381.713
649100 372.311
650100 367.805
651100 372.039
652100 372.041
653100 377.311
654100 380.533
655100 374.749
656100 374.991
657100 385.283
658100 381.079
659100 377.708
660100 384.924
661100 382.43
662100 376.539
663100 378.296
664100 387.445
665100 381.107
666100 393.371
667100 395.211
668100 394.428
669100 380.908
670100 383.646
671100 386.716
672100 387.678
673100 394.907
674100 397.795
675100 394.266
676100 386.397
677100 386.008
678100 390.449
679100 391.909
680100 397.16
681100 401.329
682100 402.896
683100 398.746
684100 393.09
685100 396.815
686100 397.184
687100 403.188
688100 397.132
689100 408.162
690100 407.239
691100 407.313
692100 409.237
693100 401.568
694100 401.942
695100 410.32
696100 406.022
697100 412.816
698100 407.587
699100 409.978
700100 413.16
701100 417.204
702100 420.514
703100 431.901
704100 424.544
705100 423.12
706100 417.322
707100 420.533
708100 413.993
709100 415.973
710100 414.142
711100 419.217
712100 422.073
713100 422.874
714100 427.859
715100 422.2
716100 428.376
717100 425.182
718100 424.496
719100 430.344
720100 426.602
721100 428.964
722100 429.867
723100 445.027
724100 424.235
725100 424.954
726100 425.718
727100 426.894
728100 431.856
729100 431.129
730100 430.448
731100 430.666
732100 430.392
733100 428.433
734100 435.297
735100 441.837
736100 437.237
737100 441.253
738100 453.587
739100 449.764
740100 444.948
741100 442.233
742100 447.064
743100 449.245
744100 454.108
745100 449.016
746100 447.181
747100 451.658
748100 450.57
749100 447.52
750100 449.026
751100 450.96
752100 453.823
753100 457.163
754100 463.145
755100 461.204
756100 455.018
757100 452.242
758100 449.626
759100 450.226
760100 449.527
761100 450.956
762100 457.534
763100 456.211
764100 461.121
765100 455.836
766100 471.594
767100 462.142
768100 458.163
769100 465.75
770100 462.048
771100 461.295
772100 463.326
773100 472.108
774100 468.03
775100 466.075
776100 477.549
777100 481.81
778100 473.984
779100 478.318
780100 473.569
781100 478.128
782100 475.87
783100 472.928
784100 481.146
785100 474.81
786100 474.826
787100 469.501
788100 476.356
789100 477.062
790100 474.461
791100 485.274
792100 490.455
793100 479.881
794100 489.449
795100 497.382
796100 497.525
797100 497.699
798100 488.229
799100 504.708
800100 479.98
801100 529.261
802100 494.397
803100 491.933
804100 494.077
805100 506.711
806100 510.845
807100 494.282
808100 492.115
809100 492.949
810100 494.452
811100 508.04
812100 500.01
813100 501.019
814100 499.635
815100 497.379
816100 493.201
817100 499.823
818100 508.381
819100 506.748
820100 508.064
821100 505.163
822100 504.707
823100 510.391
824100 510.005
825100 502.363
826100 503.679
827100 510.759
828100 518.052
829100 523.449
830100 515.886
831100 513.062
832100 517.139
833100 522.699
834100 528.294
835100 519.66
836100 529.083
837100 526.132
838100 515.524
839100 521.166
840100 523.399
841100 525.625
842100 524.555
843100 521.536
844100 519.538
845100 536.521
846100 551.134
847100 529.963
848100 528.633
849100 529.349
850100 540.142
851100 538.271
852100 536.972
853100 530.355
854100 535.337
855100 540.809
856100 537.536
857100 536.538
858100 537.646
859100 532.104
860100 538.707
861100 549.749
862100 548.81
863100 541.742
864100 533.09
865100 548.439
866100 552.056
867100 545.658
868100 545.191
869100 554.293
870100 549.242
871100 547.662
872100 556.093
873100 544.244
874100 551.123
875100 551.663
876100 560.745
877100 559.823
878100 567.258
879100 618.042
880100 579.795
881100 717.708
882100 708.63
883100 581.079
884100 573.945
885100 579.817
886100 573.717
887100 652.579
888100 614.365
889100 604.217
890100 584.526
891100 597.838
892100 598.314
893100 588.526
894100 631.367
895100 591.793
896100 699.657
897100 663.914
898100 696.639
899100 568.654
900100 571.474
901100 614.926
902100 584.809
903100 580.584
904100 643.839
905100 722.362
906100 626.084
907100 826.432
908100 705.561
909100 606.209
910100 677.498
911100 695.826
912100 633.723
913100 596.176
914100 682.395
915100 656.244
916100 648.048
917100 695.469
918100 755.867
919100 720.165
920100 625.549
921100 591.012
922100 594.31
923100 701.643
924100 667.359
925100 707.988
926100 638.295
927100 627.001
928100 660.307
929100 683.08
930100 611.108
931100 651.694
932100 652.785
933100 663.982
934100 656.035
935100 648.735
936100 652.392
937100 661.19
938100 762.666
939100 832.83
940100 689.776
941100 915.107
942100 675.073
943100 830.478
944100 657.292
945100 791.498
946100 648.698
947100 666.253
948100 1063.06
949100 625.7
950100 635.241
951100 632.938
952100 619.952
953100 619.168
954100 617.341
955100 620.386
956100 621.557
957100 620.545
958100 633.964
959100 623.886
960100 628.238
961100 625.949
962100 642.385
963100 639.042
964100 624.543
965100 637.185
966100 632.099
967100 632.195
968100 647.095
969100 641.764
970100 641.564
971100 635.487
972100 628.645
973100 632.986
974100 633.435
975100 633.377
976100 641.067
977100 642.175
978100 639.553
979100 636.995
980100 639.189
981100 646.714
982100 650.311
983100 645.172
984100 644.477
985100 647.843
986100 652.334
987100 643.745
988100 641.936
989100 656.647
990100 655.141
991100 662.723
992100 661.596
993100 647.893
994100 658.126
995100 655.375
996100 666.813
997100 665.46
998100 666.557
999100 659.678

