50000000 0.000041
49990000 0.000011
49980000 0.000031
49970000 0.000019
49960000 0.000077
49950000 0.000066
49940000 0.000039
49930000 0.000019
49920000 0.000031
49910000 0.000021
49900000 0.000055
49890000 0.000025
49880000 0.000033
49870000 0.000018
49860000 0.000026
49850000 0.000018
49840000 0.000016
49830000 0.000020
49820000 0.000025
49810000 0.000023
49800000 0.000021
49790000 0.000014
49780000 0.000016
49770000 0.000050
49760000 0.000035
49750000 0.000016
49740000 0.000019
49730000 0.000012
49720000 0.000030
49710000 0.000056
49700000 0.000031
49690000 0.000015
49680000 0.000011
49670000 0.000004
49660000 0.000010
49650000 0.000008
49640000 0.000010
49630000 0.000014
49620000 0.000027
49610000 0.000030
49600000 0.000020
49590000 0.000031
49580000 0.000017
49570000 0.000010
49560000 0.000010
49550000 0.000016
49540000 0.000016
49530000 0.000013
49520000 0.000020
49510000 0.000033
49500000 0.000026
49490000 0.000027
49480000 0.000014
49470000 0.000075
49460000 0.000029
49450000 0.000023
49440000 0.000045
49430000 0.000041
49420000 0.000014
49410000 0.000036
49400000 0.000008
49390000 0.000013
49380000 0.000040
49370000 0.000019
49360000 0.000030
49350000 0.000019
49340000 0.000080
49330000 0.000032
49320000 0.000032
49310000 0.000014
49300000 0.000078
49290000 0.000027
49280000 0.000023
49270000 0.000035
49260000 0.000016
49250000 0.000018
49240000 0.000013
49230000 0.000043
49220000 0.000010
49210000 0.000011
49200000 0.000020
49190000 0.000021
49180000 0.000022
49170000 0.000036
49160000 0.000014
49150000 0.000029
49140000 0.000021
49130000 0.000018
49120000 0.000020
49110000 0.000023
49100000 0.000015
49090000 0.000017
49080000 0.000016
49070000 0.000028
49060000 0.000029
49050000 0.000006
49040000 0.000013
49030000 0.000022
49020000 0.000032
49010000 0.000022
49000000 0.000026
48990000 0.000015
48980000 0.000052
48970000 0.000009
48960000 0.000018
48950000 0.000013
48940000 0.000054
48930000 0.000017
48920000 0.000018
48910000 0.000020
48900000 0.000017
48890000 0.000035
48880000 0.000009
48870000 0.000013
48860000 0.000018
48850000 0.000025
48840000 0.000009
48830000 0.000014
48820000 0.000009
48810000 0.000008
48800000 0.000034
48790000 0.000022
48780000 0.000007
48770000 0.000012
48760000 0.000016
48750000 0.000008
48740000 0.000013
48730000 0.000015
48720000 0.000017
48710000 0.000037
48700000 0.000027
48690000 0.000011
48680000 0.000026
48670000 0.000019
48660000 0.000021
48650000 0.000022
48640000 0.000004
48630000 0.000016
48620000 0.000005
48610000 0.000018
48600000 0.000033
48590000 0.000070
48580000 0.000029
48570000 0.000014
48560000 0.000019
48550000 0.000023
48540000 0.000009
48530000 0.000017
48520000 0.000029
48510000 0.000019
48500000 0.000003
48490000 0.000008
48480000 0.000009
48470000 0.000008
48460000 0.000013
48450000 0.000010
48440000 0.000016
48430000 0.000007
48420000 0.000038
48410000 0.000009
48400000 0.000023
48390000 0.000006
48380000 0.000011
48370000 0.000027
48360000 0.000020
48350000 0.000026
48340000 0.000006
48330000 0.000013
48320000 0.000007
48310000 0.000034
48300000 0.000014
48290000 0.000012
48280000 0.000012
48270000 0.000013
48260000 0.000014
48250000 0.000012
48240000 0.000014
48230000 0.000006
48220000 0.000009
48210000 0.000008
48200000 0.000011
48190000 0.000011
48180000 0.000005
48170000 0.000005
48160000 0.000006
48150000 0.000007
48140000 0.000009
48130000 0.000008
48120000 0.000005
48110000 0.000008
48100000 0.000006
48090000 0.000005
48080000 0.000009
48070000 0.000019
48060000 0.000006
48050000 0.000010
48040000 0.000022
48030000 0.000009
48020000 0.000023
48010000 0.000020
48000000 0.000009
47990000 0.000020
47980000 0.000013
47970000 0.000006
47960000 0.000005
47950000 0.000012
47940000 0.000012
47930000 0.000012
47920000 0.000007
47910000 0.000010
47900000 0.000009
47890000 0.000016
47880000 0.000008
47870000 0.000006
47860000 0.000005
47850000 0.000005
47840000 0.000012
47830000 0.000004
47820000 0.000014
47810000 0.000008
47800000 0.000009
47790000 0.000005
47780000 0.000006
47770000 0.000009
47760000 0.000009
47750000 0.000009
47740000 0.000009
47730000 0.000004
47720000 0.000006
47710000 0.000007
47700000 0.000009
47690000 0.000009
47680000 0.000014
47670000 0.000026
47660000 0.000011
47650000 0.000010
47640000 0.000009
47630000 0.000007
47620000 0.000016
47610000 0.000017
47600000 0.000039
47590000 0.000010
47580000 0.000011
47570000 0.000005
47560000 0.000007
47550000 0.000010
47540000 0.000012
47530000 0.000012
47520000 0.000015
47510000 0.000015
47500000 0.000021
47490000 0.000016
47480000 0.000018
47470000 0.000012
47460000 0.000008
47450000 0.000044
47440000 0.000024
47430000 0.000025
47420000 0.000014
47410000 0.000021
47400000 0.000008
47390000 0.000027
47380000 0.000016
47370000 0.000012
47360000 0.000008
47350000 0.000022
47340000 0.000012
47330000 0.000019
47320000 0.000089
47310000 0.000015
47300000 0.000015
47290000 0.000039
47280000 0.000023
47270000 0.000025
47260000 0.000022
47250000 0.000010
47240000 0.000017
47230000 0.000014
47220000 0.000019
47210000 0.000021
47200000 0.000067
47190000 0.000020
47180000 0.000010
47170000 0.000013
47160000 0.000035
47150000 0.000081
47140000 0.000021
47130000 0.000009
47120000 0.000004
47110000 0.000008
47100000 0.000010
47090000 0.000008
47080000 0.000005
47070000 0.000004
47060000 0.000009
47050000 0.000004
47040000 0.000011
47030000 0.000004
47020000 0.000008
47010000 0.000003
47000000 0.000004
46990000 0.000005
46980000 0.000005
46970000 0.000008
46960000 0.000007
46950000 0.000010
46940000 0.000003
46930000 0.000006
46920000 0.000005
46910000 0.000004
46900000 0.000005
46890000 0.000003
46880000 0.000003
46870000 0.000008
46860000 0.000004
46850000 0.000004
46840000 0.000006
46830000 0.000004
46820000 0.000004
46810000 0.000005
46800000 0.000004
46790000 0.000004
46780000 0.000005
46770000 0.000005
46760000 0.000007
46750000 0.000004
46740000 0.000004
46730000 0.000007
46720000 0.000004
46710000 0.000005
46700000 0.000003
46690000 0.000007
46680000 0.000004
46670000 0.000005
46660000 0.000006
46650000 0.000003
46640000 0.000004
46630000 0.000009
46620000 0.000010
46610000 0.000011
46600000 0.000012
46590000 0.000009
46580000 0.000005
46570000 0.000006
46560000 0.000006
46550000 0.000003
46540000 0.000007
46530000 0.000036
46520000 0.000026
46510000 0.000010
46500000 0.000017
46490000 0.000013
46480000 0.000011
46470000 0.000026
46460000 0.000047
46450000 0.000012
46440000 0.000013
46430000 0.000020
46420000 0.000026
46410000 0.000020
46400000 0.000016
46390000 0.000026
46380000 0.000050
46370000 0.000033
46360000 0.000024
46350000 0.000010
46340000 0.000008
46330000 0.000018
46320000 0.000015
46310000 0.000016
46300000 0.000036
46290000 0.000079
46280000 0.000009
46270000 0.000016
46260000 0.000019
46250000 0.000052
46240000 0.000020
46230000 0.000026
46220000 0.000020
46210000 0.000029
46200000 0.000016
46190000 0.000014
46180000 0.000009
46170000 0.000004
46160000 0.000007
46150000 0.000016
46140000 0.000005
46130000 0.000008
46120000 0.000046
46110000 0.000012
46100000 0.000018
46090000 0.000011
46080000 0.000017
46070000 0.000014
46060000 0.000006
46050000 0.000012
46040000 0.000005
46030000 0.000020
46020000 0.000010
46010000 0.000011
46000000 0.000032
45990000 0.000009
45980000 0.000018
45970000 0.000023
45960000 0.000013
45950000 0.000035
45940000 0.000020
45930000 0.000009
45920000 0.000018
45910000 0.000019
45900000 0.000021
45890000 0.000022
45880000 0.000026
45870000 0.000016
45860000 0.000027
45850000 0.000010
45840000 0.000024
45830000 0.000018
45820000 0.000013
45810000 0.000022
45800000 0.000020
45790000 0.000024
45780000 0.000022
45770000 0.000031
45760000 0.000032
45750000 0.000058
45740000 0.000015
45730000 0.000011
45720000 0.000006
45710000 0.000007
45700000 0.000006
45690000 0.000010
45680000 0.000006
45670000 0.000005
45660000 0.000007
45650000 0.000013
45640000 0.000007
45630000 0.000011
45620000 0.000007
45610000 0.000010
45600000 0.000016
45590000 0.000005
45580000 0.000010
45570000 0.000012
45560000 0.000014
45550000 0.000029
45540000 0.000016
45530000 0.000009
45520000 0.000005
45510000 0.000008
45500000 0.000006
45490000 0.000016
45480000 0.000011
45470000 0.000009
45460000 0.000005
45450000 0.000010
45440000 0.000011
45430000 0.000010
45420000 0.000008
45410000 0.000007
45400000 0.000007
45390000 0.000016
45380000 0.000027
45370000 0.000010
45360000 0.000008
45350000 0.000012
45340000 0.000012
45330000 0.000006
45320000 0.000009
45310000 0.000009
45300000 0.000009
45290000 0.000005
45280000 0.000022
45270000 0.000009
45260000 0.000006
45250000 0.000007
45240000 0.000007
45230000 0.000009
45220000 0.000004
45210000 0.000006
45200000 0.000011
45190000 0.000012
45180000 0.000011
45170000 0.000007
45160000 0.000010
45150000 0.000010
45140000 0.000011
45130000 0.000007
45120000 0.000025
45110000 0.000006
45100000 0.000011
45090000 0.000010
45080000 0.000008
45070000 0.000008
45060000 0.000007
45050000 0.000007
45040000 0.000008
45030000 0.000005
45020000 0.000006
45010000 0.000004
45000000 0.000007
44990000 0.000009
44980000 0.000014
44970000 0.000010
44960000 0.000019
44950000 0.000005
44940000 0.000010
44930000 0.000008
44920000 0.000008
44910000 0.000010
44900000 0.000010
44890000 0.000009
44880000 0.000020
44870000 0.000010
44860000 0.000007
44850000 0.000009
44840000 0.000006
44830000 0.000007
44820000 0.000013
44810000 0.000009
44800000 0.000009
44790000 0.000011
44780000 0.000006
44770000 0.000007
44760000 0.000012
44750000 0.000005
44740000 0.000035
44730000 0.000017
44720000 0.000014
44710000 0.000009
44700000 0.000008
44690000 0.000007
44680000 0.000014
44670000 0.000013
44660000 0.000005
44650000 0.000008
44640000 0.000008
44630000 0.000013
44620000 0.000038
44610000 0.000007
44600000 0.000009
44590000 0.000007
44580000 0.000004
44570000 0.000008
44560000 0.000014
44550000 0.000012
44540000 0.000008
44530000 0.000012
44520000 0.000007
44510000 0.000005
44500000 0.000008
44490000 0.000006
44480000 0.000012
44470000 0.000008
44460000 0.000008
44450000 0.000004
44440000 0.000006
44430000 0.000009
44420000 0.000021
44410000 0.000014
44400000 0.000009
44390000 0.000012
44380000 0.000010
44370000 0.000007
44360000 0.000010
44350000 0.000026
44340000 0.000010
44330000 0.000008
44320000 0.000027
44310000 0.000010
44300000 0.000004
44290000 0.000006
44280000 0.000005
44270000 0.000004
44260000 0.000007
44250000 0.000009
44240000 0.000005
44230000 0.000007
44220000 0.000005
44210000 0.000007
44200000 0.000028
44190000 0.000011
44180000 0.000005
44170000 0.000011
44160000 0.000007
44150000 0.000004
44140000 0.000004
44130000 0.000009
44120000 0.000008
44110000 0.000005
44100000 0.000009
44090000 0.000010
44080000 0.000009
44070000 0.000025
44060000 0.000006
44050000 0.000007
44040000 0.000005
44030000 0.000016
44020000 0.000006
44010000 0.000007
44000000 0.000007
43990000 0.000007
43980000 0.000011
43970000 0.000010
43960000 0.000012
43950000 0.000016
43940000 0.000016
43930000 0.000017
43920000 0.000013
43910000 0.000004
43900000 0.000015
43890000 0.000014
43880000 0.000029
43870000 0.000008
43860000 0.000057
43850000 0.000012
43840000 0.000008
43830000 0.000015
43820000 0.000020
43810000 0.000011
43800000 0.000011
43790000 0.000007
43780000 0.000009
43770000 0.000014
43760000 0.000013
43750000 0.000007
43740000 0.000015
43730000 0.000022
43720000 0.000021
43710000 0.000019
43700000 0.000010
43690000 0.000006
43680000 0.000009
43670000 0.000005
43660000 0.000005
43650000 0.000008
43640000 0.000015
43630000 0.000033
43620000 0.000037
43610000 0.000014
43600000 0.000009
43590000 0.000015
43580000 0.000010
43570000 0.000011
43560000 0.000014
43550000 0.000008
43540000 0.000015
43530000 0.000007
43520000 0.000009
43510000 0.000031
43500000 0.000009
43490000 0.000020
43480000 0.000013
43470000 0.000010
43460000 0.000018
43450000 0.000006
43440000 0.000006
43430000 0.000005
43420000 0.000005
43410000 0.000012
43400000 0.000018
43390000 0.000008
43380000 0.000009
43370000 0.000018
43360000 0.000004
43350000 0.000007
43340000 0.000009
43330000 0.000004
43320000 0.000007
43310000 0.000016
43300000 0.000010
43290000 0.000014
43280000 0.000015
43270000 0.000005
43260000 0.000018
43250000 0.000017
43240000 0.000016
43230000 0.000016
43220000 0.000008
43210000 0.000010
43200000 0.000017
43190000 0.000016
43180000 0.000009
43170000 0.000014
43160000 0.000012
43150000 0.000012
43140000 0.000023
43130000 0.000015
43120000 0.000011
43110000 0.000008
43100000 0.000013
43090000 0.000007
43080000 0.000009
43070000 0.000008
43060000 0.000013
43050000 0.000010
43040000 0.000013
43030000 0.000017
43020000 0.000015
43010000 0.000006
43000000 0.000032
42990000 0.000018
42980000 0.000056
42970000 0.000025
42960000 0.000022
42950000 0.000017
42940000 0.000007
42930000 0.000021
42920000 0.000024
42910000 0.000018
42900000 0.000013
42890000 0.000009
42880000 0.000025
42870000 0.000017
42860000 0.000018
42850000 0.000035
42840000 0.000023
42830000 0.000020
42820000 0.000016
42810000 0.000012
42800000 0.000013
42790000 0.000026
42780000 0.000021
42770000 0.000040
42760000 0.000039
42750000 0.000014
42740000 0.000019
42730000 0.000025
42720000 0.000015
42710000 0.000011
42700000 0.000026
42690000 0.000007
42680000 0.000020
42670000 0.000009
42660000 0.000005
42650000 0.000004
42640000 0.000007
42630000 0.000002
42620000 0.000004
42610000 0.000004
42600000 0.000009
42590000 0.000006
42580000 0.000004
42570000 0.000006
42560000 0.000005
42550000 0.000007
42540000 0.000004
42530000 0.000006
42520000 0.000003
42510000 0.000005
42500000 0.000003
42490000 0.000006
42480000 0.000005
42470000 0.000010
42460000 0.000007
42450000 0.000004
42440000 0.000005
42430000 0.000005
42420000 0.000006
42410000 0.000005
42400000 0.000005
42390000 0.000005
42380000 0.000003
42370000 0.000007
42360000 0.000006
42350000 0.000005
42340000 0.000007
42330000 0.000015
42320000 0.000013
42310000 0.000011
42300000 0.000008
42290000 0.000024
42280000 0.000007
42270000 0.000004
42260000 0.000006
42250000 0.000003
42240000 0.000002
42230000 0.000005
42220000 0.000004
42210000 0.000003
42200000 0.000005
42190000 0.000004
42180000 0.000003
42170000 0.000005
42160000 0.000004
42150000 0.000003
42140000 0.000006
42130000 0.000003
42120000 0.000014
42110000 0.000006
42100000 0.000005
42090000 0.000005
42080000 0.000004
42070000 0.000005
42060000 0.000007
42050000 0.000006
42040000 0.000003
42030000 0.000007
42020000 0.000003
42010000 0.000007
42000000 0.000009
41990000 0.000006
41980000 0.000008
41970000 0.000004
41960000 0.000002
41950000 0.000004
41940000 0.000003
41930000 0.000004
41920000 0.000003
41910000 0.000003
41900000 0.000004
41890000 0.000004
41880000 0.000004
41870000 0.000007
41860000 0.000008
41850000 0.000005
41840000 0.000006
41830000 0.000010
41820000 0.000004
41810000 0.000005
41800000 0.000003
41790000 0.000005
41780000 0.000006
41770000 0.000004
41760000 0.000004
41750000 0.000004
41740000 0.000005
41730000 0.000005
41720000 0.000003
41710000 0.000006
41700000 0.000003
41690000 0.000005
41680000 0.000011
41670000 0.000009
41660000 0.000005
41650000 0.000005
41640000 0.000007
41630000 0.000007
41620000 0.000007
41610000 0.000006
41600000 0.000007
41590000 0.000004
41580000 0.000006
41570000 0.000005
41560000 0.000005
41550000 0.000005
41540000 0.000005
41530000 0.000004
41520000 0.000007
41510000 0.000005
41500000 0.000007
41490000 0.000008
41480000 0.000005
41470000 0.000005
41460000 0.000004
41450000 0.000007
41440000 0.000003
41430000 0.000008
41420000 0.000004
41410000 0.000004
41400000 0.000008
41390000 0.000005
41380000 0.000006
41370000 0.000004
41360000 0.000006
41350000 0.000008
41340000 0.000004
41330000 0.000007
41320000 0.000005
41310000 0.000006
41300000 0.000003
41290000 0.000005
41280000 0.000005
41270000 0.000006
41260000 0.000007
41250000 0.000005
41240000 0.000006
41230000 0.000005
41220000 0.000003
41210000 0.000003
41200000 0.000003
41190000 0.000004
41180000 0.000004
41170000 0.000007
41160000 0.000003
41150000 0.000004
41140000 0.000003
41130000 0.000005
41120000 0.000004
41110000 0.000002
41100000 0.000007
41090000 0.000005
41080000 0.000006
41070000 0.000006
41060000 0.000004
41050000 0.000007
41040000 0.000003
41030000 0.000004
41020000 0.000004
41010000 0.000008
41000000 0.000003
40990000 0.000005
40980000 0.000003
40970000 0.000006
40960000 0.000006
40950000 0.000007
40940000 0.000005
40930000 0.000005
40920000 0.000004
40910000 0.000006
40900000 0.000005
40890000 0.000005
40880000 0.000007
40870000 0.000007
40860000 0.000004
40850000 0.000004
40840000 0.000008
40830000 0.000004
40820000 0.000005
40810000 0.000004
40800000 0.000003
40790000 0.000005
40780000 0.000004
40770000 0.000005
40760000 0.000001
40750000 0.000010
40740000 0.000006
40730000 0.000003
40720000 0.000010
40710000 0.000022
40700000 0.000009
40690000 0.000011
40680000 0.000003
40670000 0.000004
40660000 0.000004
40650000 0.000004
40640000 0.000004
40630000 0.000003
40620000 0.000004
40610000 0.000005
40600000 0.000005
40590000 0.000002
40580000 0.000003
40570000 0.000006
40560000 0.000005
40550000 0.000004
40540000 0.000004
40530000 0.000004
40520000 0.000006
40510000 0.000004
40500000 0.000004
40490000 0.000004
40480000 0.000006
40470000 0.000003
40460000 0.000005
40450000 0.000006
40440000 0.000004
40430000 0.000004
40420000 0.000004
40410000 0.000002
40400000 0.000004
40390000 0.000003
40380000 0.000003
40370000 0.000003
40360000 0.000007
40350000 0.000004
40340000 0.000004
40330000 0.000004
40320000 0.000003
40310000 0.000005
40300000 0.000004
40290000 0.000005
40280000 0.000005
40270000 0.000004
40260000 0.000002
40250000 0.000003
40240000 0.000007
40230000 0.000003
40220000 0.000004
40210000 0.000003
40200000 0.000005
40190000 0.000002
40180000 0.000003
40170000 0.000007
40160000 0.000005
40150000 0.000003
40140000 0.000005
40130000 0.000004
40120000 0.000005
40110000 0.000004
40100000 0.000005
40090000 0.000004
40080000 0.000004
40070000 0.000004
40060000 0.000004
40050000 0.000017
40040000 0.000009
40030000 0.000004
40020000 0.000004
40010000 0.000004
40000000 0.000006
39990000 0.000004
39980000 0.000005
39970000 0.000003
39960000 0.000004
39950000 0.000006
39940000 0.000005
39930000 0.000006
39920000 0.000004
39910000 0.000003
39900000 0.000008
39890000 0.000007
39880000 0.000004
39870000 0.000005
39860000 0.000004
39850000 0.000008
39840000 0.000003
39830000 0.000006
39820000 0.000005
39810000 0.000004
39800000 0.000004
39790000 0.000006
39780000 0.000007
39770000 0.000005
39760000 0.000007
39750000 0.000002
39740000 0.000006
39730000 0.000004
39720000 0.000004
39710000 0.000007
39700000 0.000007
39690000 0.000004
39680000 0.000005
39670000 0.000006
39660000 0.000004
39650000 0.000002
39640000 0.000003
39630000 0.000004
39620000 0.000006
39610000 0.000005
39600000 0.000004
39590000 0.000005
39580000 0.000004
39570000 0.000005
39560000 0.000009
39550000 0.000007
39540000 0.000003
39530000 0.000006
39520000 0.000003
39510000 0.000003
39500000 0.000006
39490000 0.000003
39480000 0.000005
39470000 0.000006
39460000 0.000006
39450000 0.000006
39440000 0.000004
39430000 0.000003
39420000 0.000004
39410000 0.000008
39400000 0.000004
39390000 0.000005
39380000 0.000004
39370000 0.000005
39360000 0.000003
39350000 0.000004
39340000 0.000007
39330000 0.000003
39320000 0.000005
39310000 0.000003
39300000 0.000006
39290000 0.000004
39280000 0.000017
39270000 0.000006
39260000 0.000021
39250000 0.000007
39240000 0.000006
39230000 0.000009
39220000 0.000006
39210000 0.000006
39200000 0.000004
39190000 0.000005
39180000 0.000004
39170000 0.000006
39160000 0.000005
39150000 0.000004
39140000 0.000004
39130000 0.000006
39120000 0.000004
39110000 0.000004
39100000 0.000008
39090000 0.000007
39080000 0.000005
39070000 0.000004
39060000 0.000005
39050000 0.000007
39040000 0.000004
39030000 0.000003
39020000 0.000005
39010000 0.000005
39000000 0.000003
38990000 0.000004
38980000 0.000007
38970000 0.000007
38960000 0.000006
38950000 0.000004
38940000 0.000004
38930000 0.000006
38920000 0.000004
38910000 0.000023
38900000 0.000015
38890000 0.000013
38880000 0.000005
38870000 0.000006
38860000 0.000005
38850000 0.000007
38840000 0.000006
38830000 0.000005
38820000 0.000007
38810000 0.000003
38800000 0.000007
38790000 0.000014
38780000 0.000003
38770000 0.000003
38760000 0.000005
38750000 0.000004
38740000 0.000005
38730000 0.000006
38720000 0.000004
38710000 0.000004
38700000 0.000006
38690000 0.000006
38680000 0.000005
38670000 0.000003
38660000 0.000005
38650000 0.000005
38640000 0.000010
38630000 0.000005
38620000 0.000009
38610000 0.000005
38600000 0.000008
38590000 0.000003
38580000 0.000012
38570000 0.000005
38560000 0.000005
38550000 0.000004
38540000 0.000005
38530000 0.000003
38520000 0.000004
38510000 0.000005
38500000 0.000003
38490000 0.000007
38480000 0.000003
38470000 0.000008
38460000 0.000005
38450000 0.000004
38440000 0.000005
38430000 0.000004
38420000 0.000005
38410000 0.000011
38400000 0.000010
38390000 0.000005
38380000 0.000005
38370000 0.000003
38360000 0.000006
38350000 0.000006
38340000 0.000004
38330000 0.000003
38320000 0.000005
38310000 0.000005
38300000 0.000007
38290000 0.000006
38280000 0.000003
38270000 0.000003
38260000 0.000004
38250000 0.000007
38240000 0.000005
38230000 0.000004
38220000 0.000002
38210000 0.000004
38200000 0.000004
38190000 0.000006
38180000 0.000004
38170000 0.000006
38160000 0.000009
38150000 0.000004
38140000 0.000006
38130000 0.000003
38120000 0.000005
38110000 0.000004
38100000 0.000007
38090000 0.000008
38080000 0.000006
38070000 0.000006
38060000 0.000007
38050000 0.000013
38040000 0.000009
38030000 0.000007
38020000 0.000004
38010000 0.000011
38000000 0.000005
37990000 0.000005
37980000 0.000003
37970000 0.000007
37960000 0.000006
37950000 0.000005
37940000 0.000003
37930000 0.000018
37920000 0.000004
37910000 0.000044
37900000 0.000017
37890000 0.000009
37880000 0.000008
37870000 0.000005
37860000 0.000002
37850000 0.000003
37840000 0.000005
37830000 0.000006
37820000 0.000008
37810000 0.000004
37800000 0.000005
37790000 0.000008
37780000 0.000005
37770000 0.000004
37760000 0.000011
37750000 0.000004
37740000 0.000014
37730000 0.000005
37720000 0.000008
37710000 0.000004
37700000 0.000005
37690000 0.000007
37680000 0.000012
37670000 0.000009
37660000 0.000005
37650000 0.000006
37640000 0.000004
37630000 0.000004
37620000 0.000005
37610000 0.000006
37600000 0.000006
37590000 0.000004
37580000 0.000006
37570000 0.000005
37560000 0.000007
37550000 0.000004
37540000 0.000005
37530000 0.000006
37520000 0.000006
37510000 0.000008
37500000 0.000004
37490000 0.000006
37480000 0.000005
37470000 0.000007
37460000 0.000003
37450000 0.000007
37440000 0.000006
37430000 0.000004
37420000 0.000004
37410000 0.000008
37400000 0.000006
37390000 0.000006
37380000 0.000006
37370000 0.000004
37360000 0.000004
37350000 0.000005
37340000 0.000007
37330000 0.000005
37320000 0.000006
37310000 0.000008
37300000 0.000006
37290000 0.000007
37280000 0.000002
37270000 0.000002
37260000 0.000006
37250000 0.000005
37240000 0.000008
37230000 0.000006
37220000 0.000004
37210000 0.000012
37200000 0.000015
37190000 0.000005
37180000 0.000007
37170000 0.000007
37160000 0.000004
37150000 0.000011
37140000 0.000005
37130000 0.000007
37120000 0.000005
37110000 0.000005
37100000 0.000008
37090000 0.000006
37080000 0.000011
37070000 0.000007
37060000 0.000004
37050000 0.000006
37040000 0.000009
37030000 0.000005
37020000 0.000005
37010000 0.000005
37000000 0.000013
36990000 0.000004
36980000 0.000004
36970000 0.000009
36960000 0.000007
36950000 0.000007
36940000 0.000004
36930000 0.000003
36920000 0.000007
36910000 0.000006
36900000 0.000007
36890000 0.000006
36880000 0.000006
36870000 0.000004
36860000 0.000003
36850000 0.000007
36840000 0.000005
36830000 0.000005
36820000 0.000003
36810000 0.000005
36800000 0.000003
36790000 0.000007
36780000 0.000002
36770000 0.000006
36760000 0.000005
36750000 0.000005
36740000 0.000005
36730000 0.000009
36720000 0.000007
36710000 0.000009
36700000 0.000009
36690000 0.000009
36680000 0.000003
36670000 0.000005
36660000 0.000006
36650000 0.000004
36640000 0.000007
36630000 0.000003
36620000 0.000004
36610000 0.000005
36600000 0.000004
36590000 0.000005
36580000 0.000008
36570000 0.000012
36560000 0.000004
36550000 0.000006
36540000 0.000005
36530000 0.000008
36520000 0.000003
36510000 0.000005
36500000 0.000007
36490000 0.000004
36480000 0.000008
36470000 0.000004
36460000 0.000015
36450000 0.000004
36440000 0.000011
36430000 0.000011
36420000 0.000007
36410000 0.000005
36400000 0.000007
36390000 0.000006
36380000 0.000002
36370000 0.000005
36360000 0.000006
36350000 0.000006
36340000 0.000004
36330000 0.000008
36320000 0.000006
36310000 0.000005
36300000 0.000007
36290000 0.000003
36280000 0.000006
36270000 0.000007
36260000 0.000006
36250000 0.000004
36240000 0.000008
36230000 0.000006
36220000 0.000006
36210000 0.000012
36200000 0.000005
36190000 0.000006
36180000 0.000012
36170000 0.000005
36160000 0.000005
36150000 0.000008
36140000 0.000006
36130000 0.000005
36120000 0.000004
36110000 0.000006
36100000 0.000007
36090000 0.000005
36080000 0.000004
36070000 0.000006
36060000 0.000007
36050000 0.000004
36040000 0.000006
36030000 0.000005
36020000 0.000005
36010000 0.000008
36000000 0.000007
35990000 0.000005
35980000 0.000006
35970000 0.000004
35960000 0.000005
35950000 0.000013
35940000 0.000004
35930000 0.000006
35920000 0.000003
35910000 0.000007
35900000 0.000003
35890000 0.000006
35880000 0.000009
35870000 0.000004
35860000 0.000003
35850000 0.000004
35840000 0.000004
35830000 0.000005
35820000 0.000004
35810000 0.000005
35800000 0.000007
35790000 0.000004
35780000 0.000005
35770000 0.000004
35760000 0.000008
35750000 0.000005
35740000 0.000003
35730000 0.000004
35720000 0.000010
35710000 0.000006
35700000 0.000009
35690000 0.000018
35680000 0.000034
35670000 0.000013
35660000 0.000005
35650000 0.000006
35640000 0.000004
35630000 0.000006
35620000 0.000003
35610000 0.000004
35600000 0.000005
35590000 0.000003
35580000 0.000004
35570000 0.000006
35560000 0.000003
35550000 0.000004
35540000 0.000004
35530000 0.000003
35520000 0.000004
35510000 0.000002
35500000 0.000002
35490000 0.000003
35480000 0.000004
35470000 0.000006
35460000 0.000005
35450000 0.000002
35440000 0.000008
35430000 0.000004
35420000 0.000005
35410000 0.000004
35400000 0.000006
35390000 0.000005
35380000 0.000006
35370000 0.000006
35360000 0.000005
35350000 0.000008
35340000 0.000004
35330000 0.000004
35320000 0.000004
35310000 0.000003
35300000 0.000005
35290000 0.000003
35280000 0.000007
35270000 0.000010
35260000 0.000006
35250000 0.000010
35240000 0.000007
35230000 0.000007
35220000 0.000006
35210000 0.000004
35200000 0.000002
35190000 0.000013
35180000 0.000004
35170000 0.000005
35160000 0.000010
35150000 0.000005
35140000 0.000005
35130000 0.000011
35120000 0.000004
35110000 0.000005
35100000 0.000006
35090000 0.000005
35080000 0.000006
35070000 0.000005
35060000 0.000006
35050000 0.000004
35040000 0.000006
35030000 0.000011
35020000 0.000009
35010000 0.000036
35000000 0.000026
34990000 0.000035
34980000 0.000008
34970000 0.000032
34960000 0.000009
34950000 0.000006
34940000 0.000025
34930000 0.000022
34920000 0.000038
34910000 0.000023
34900000 0.000013
34890000 0.000025
34880000 0.000007
34870000 0.000010
34860000 0.000006
34850000 0.000011
34840000 0.000006
34830000 0.000013
34820000 0.000007
34810000 0.000009
34800000 0.000014
34790000 0.000004
34780000 0.000013
34770000 0.000008
34760000 0.000009
34750000 0.000009
34740000 0.000015
34730000 0.000005
34720000 0.000006
34710000 0.000003
34700000 0.000006
34690000 0.000007
34680000 0.000007
34670000 0.000005
34660000 0.000006
34650000 0.000008
34640000 0.000019
34630000 0.000005
34620000 0.000006
34610000 0.000009
34600000 0.000006
34590000 0.000009
34580000 0.000004
34570000 0.000006
34560000 0.000004
34550000 0.000006
34540000 0.000004
34530000 0.000003
34520000 0.000008
34510000 0.000007
34500000 0.000004
34490000 0.000008
34480000 0.000003
34470000 0.000004
34460000 0.000006
34450000 0.000007
34440000 0.000003
34430000 0.000004
34420000 0.000006
34410000 0.000003
34400000 0.000006
34390000 0.000003
34380000 0.000005
34370000 0.000004
34360000 0.000003
34350000 0.000006
34340000 0.000003
34330000 0.000007
34320000 0.000004
34310000 0.000004
34300000 0.000007
34290000 0.000004
34280000 0.000011
34270000 0.000005
34260000 0.000004
34250000 0.000008
34240000 0.000004
34230000 0.000003
34220000 0.000006
34210000 0.000005
34200000 0.000014
34190000 0.000013
34180000 0.000017
34170000 0.000010
34160000 0.000005
34150000 0.000006
34140000 0.000007
34130000 0.000010
34120000 0.000007
34110000 0.000004
34100000 0.000007
34090000 0.000021
34080000 0.000006
34070000 0.000006
34060000 0.000007
34050000 0.000005
34040000 0.000013
34030000 0.000005
34020000 0.000009
34010000 0.000008
34000000 0.000006
33990000 0.000043
33980000 0.000011
33970000 0.000009
33960000 0.000006
33950000 0.000008
33940000 0.000015
33930000 0.000024
33920000 0.000022
33910000 0.000013
33900000 0.000011
33890000 0.000006
33880000 0.000007
33870000 0.000015
33860000 0.000019
33850000 0.000009
33840000 0.000046
33830000 0.000016
33820000 0.000006
33810000 0.000018
33800000 0.000010
33790000 0.000009
33780000 0.000016
33770000 0.000014
33760000 0.000016
33750000 0.000006
33740000 0.000016
33730000 0.000016
33720000 0.000010
33710000 0.000013
33700000 0.000004
33690000 0.000009
33680000 0.000009
33670000 0.000009
33660000 0.000016
33650000 0.000017
33640000 0.000010
33630000 0.000025
33620000 0.000020
33610000 0.000027
33600000 0.000009
33590000 0.000023
33580000 0.000010
33570000 0.000008
33560000 0.000010
33550000 0.000011
33540000 0.000005
33530000 0.000013
33520000 0.000028
33510000 0.000006
33500000 0.000008
33490000 0.000007
33480000 0.000012
33470000 0.000018
33460000 0.000009
33450000 0.000012
33440000 0.000021
33430000 0.000025
33420000 0.000035
33410000 0.000013
33400000 0.000014
33390000 0.000013
33380000 0.000009
33370000 0.000013
33360000 0.000013
33350000 0.000011
33340000 0.000012
33330000 0.000007
33320000 0.000025
33310000 0.000010
33300000 0.000009
33290000 0.000008
33280000 0.000013
33270000 0.000006
33260000 0.000008
33250000 0.000031
33240000 0.000007
33230000 0.000007
33220000 0.000011
33210000 0.000020
33200000 0.000009
33190000 0.000007
33180000 0.000010
33170000 0.000012
33160000 0.000011
33150000 0.000011
33140000 0.000011
33130000 0.000007
33120000 0.000014
33110000 0.000011
33100000 0.000030
33090000 0.000012
33080000 0.000025
33070000 0.000012
33060000 0.000013
33050000 0.000015
33040000 0.000006
33030000 0.000013
33020000 0.000017
33010000 0.000026
33000000 0.000016
32990000 0.000021
32980000 0.000025
32970000 0.000023
32960000 0.000017
32950000 0.000011
32940000 0.000021
32930000 0.000020
32920000 0.000021
32910000 0.000044
32900000 0.000011
32890000 0.000065
32880000 0.000014
32870000 0.000009
32860000 0.000040
32850000 0.000021
32840000 0.000009
32830000 0.000012
32820000 0.000014
32810000 0.000019
32800000 0.000014
32790000 0.000017
32780000 0.000052
32770000 0.000017
32760000 0.000045
32750000 0.000015
32740000 0.000019
32730000 0.000007
32720000 0.000019
32710000 0.000018
32700000 0.000068
32690000 0.000056
32680000 0.000059
32670000 0.000012
32660000 0.000031
32650000 0.000008
32640000 0.000017
32630000 0.000015
32620000 0.000003
32610000 0.000025
32600000 0.000007
32590000 0.000012
32580000 0.000008
32570000 0.000007
32560000 0.000005
32550000 0.000006
32540000 0.000014
32530000 0.000008
32520000 0.000008
32510000 0.000008
32500000 0.000006
32490000 0.000010
32480000 0.000020
32470000 0.000005
32460000 0.000008
32450000 0.000005
32440000 0.000007
32430000 0.000007
32420000 0.000009
32410000 0.000012
32400000 0.000007
32390000 0.000016
32380000 0.000018
32370000 0.000014
32360000 0.000005
32350000 0.000007
32340000 0.000010
32330000 0.000013
32320000 0.000011
32310000 0.000009
32300000 0.000011
32290000 0.000024
32280000 0.000006
32270000 0.000013
32260000 0.000020
32250000 0.000019
32240000 0.000024
32230000 0.000020
32220000 0.000018
32210000 0.000011
32200000 0.000017
32190000 0.000014
32180000 0.000010
32170000 0.000014
32160000 0.000009
32150000 0.000010
32140000 0.000013
32130000 0.000006
32120000 0.000008
32110000 0.000007
32100000 0.000010
32090000 0.000045
32080000 0.000012
32070000 0.000018
32060000 0.000003
32050000 0.000006
32040000 0.000034
32030000 0.000011
32020000 0.000004
32010000 0.000012
32000000 0.000011
31990000 0.000049
31980000 0.000006
31970000 0.000007
31960000 0.000009
31950000 0.000010
31940000 0.000012
31930000 0.000014
31920000 0.000013
31910000 0.000014
31900000 0.000017
31890000 0.000017
31880000 0.000026
31870000 0.000008
31860000 0.000005
31850000 0.000011
31840000 0.000016
31830000 0.000010
31820000 0.000014
31810000 0.000012
31800000 0.000009
31790000 0.000015
31780000 0.000018
31770000 0.000010
31760000 0.000013
31750000 0.000004
31740000 0.000006
31730000 0.000008
31720000 0.000006
31710000 0.000012
31700000 0.000012
31690000 0.000018
31680000 0.000006
31670000 0.000008
31660000 0.000035
31650000 0.000010
31640000 0.000008
31630000 0.000006
31620000 0.000006
31610000 0.000008
31600000 0.000007
31590000 0.000008
31580000 0.000007
31570000 0.000012
31560000 0.000016
31550000 0.000016
31540000 0.000006
31530000 0.000007
31520000 0.000010
31510000 0.000006
31500000 0.000032
31490000 0.000010
31480000 0.000008
31470000 0.000012
31460000 0.000009
31450000 0.000009
31440000 0.000007
31430000 0.000008
31420000 0.000007
31410000 0.000009
31400000 0.000015
31390000 0.000021
31380000 0.000037
31370000 0.000009
31360000 0.000005
31350000 0.000011
31340000 0.000013
31330000 0.000007
31320000 0.000013
31310000 0.000009
31300000 0.000011
31290000 0.000016
31280000 0.000010
31270000 0.000006
31260000 0.000015
31250000 0.000005
31240000 0.000016
31230000 0.000007
31220000 0.000007
31210000 0.000006
31200000 0.000014
31190000 0.000008
31180000 0.000008
31170000 0.000005
31160000 0.000007
31150000 0.000004
31140000 0.000021
31130000 0.000011
31120000 0.000014
31110000 0.000023
31100000 0.000008
31090000 0.000009
31080000 0.000016
31070000 0.000006
31060000 0.000013
31050000 0.000010
31040000 0.000006
31030000 0.000010
31020000 0.000009
31010000 0.000042
31000000 0.000028
30990000 0.000020
30980000 0.000007
30970000 0.000014
30960000 0.000007
30950000 0.000013
30940000 0.000027
30930000 0.000010
30920000 0.000013
30910000 0.000030
30900000 0.000008
30890000 0.000018
30880000 0.000014
30870000 0.000020
30860000 0.000032
30850000 0.000015
30840000 0.000021
30830000 0.000012
30820000 0.000017
30810000 0.000016
30800000 0.000011
30790000 0.000021
30780000 0.000024
30770000 0.000011
30760000 0.000010
30750000 0.000014
30740000 0.000005
30730000 0.000016
30720000 0.000012
30710000 0.000010
30700000 0.000020
30690000 0.000012
30680000 0.000025
30670000 0.000036
30660000 0.000017
30650000 0.000009
30640000 0.000012
30630000 0.000027
30620000 0.000021
30610000 0.000014
30600000 0.000036
30590000 0.000008
30580000 0.000015
30570000 0.000018
30560000 0.000007
30550000 0.000013
30540000 0.000025
30530000 0.000013
30520000 0.000010
30510000 0.000022
30500000 0.000023
30490000 0.000018
30480000 0.000024
30470000 0.000023
30460000 0.000029
30450000 0.000022
30440000 0.000047
30430000 0.000031
30420000 0.000018
30410000 0.000020
30400000 0.000026
30390000 0.000013
30380000 0.000011
30370000 0.000007
30360000 0.000029
30350000 0.000023
30340000 0.000018
30330000 0.000014
30320000 0.000031
30310000 0.000024
30300000 0.000014
30290000 0.000014
30280000 0.000034
30270000 0.000025
30260000 0.000019
30250000 0.000022
30240000 0.000012
30230000 0.000028
30220000 0.000058
30210000 0.000026
30200000 0.000033
30190000 0.000031
30180000 0.000030
30170000 0.000020
30160000 0.000016
30150000 0.000020
30140000 0.000016
30130000 0.000013
30120000 0.000020
30110000 0.000010
30100000 0.000034
30090000 0.000038
30080000 0.000042
30070000 0.000010
30060000 0.000008
30050000 0.000032
30040000 0.000011
30030000 0.000010
30020000 0.000012
30010000 0.000010
30000000 0.000008
29990000 0.000008
29980000 0.000006
29970000 0.000006
29960000 0.000010
29950000 0.000013
29940000 0.000008
29930000 0.000016
29920000 0.000007
29910000 0.000009
29900000 0.000008
29890000 0.000016
29880000 0.000054
29870000 0.000064
29860000 0.000019
29850000 0.000013
29840000 0.000013
29830000 0.000010
29820000 0.000008
29810000 0.000008
29800000 0.000005
29790000 0.000015
29780000 0.000009
29770000 0.000006
29760000 0.000011
29750000 0.000036
29740000 0.000022
29730000 0.000008
29720000 0.000014
29710000 0.000055
29700000 0.000058
29690000 0.000018
29680000 0.000014
29670000 0.000010
29660000 0.000004
29650000 0.000006
29640000 0.000005
29630000 0.000003
29620000 0.000005
29610000 0.000004
29600000 0.000010
29590000 0.000009
29580000 0.000009
29570000 0.000013
29560000 0.000022
29550000 0.000013
29540000 0.000011
29530000 0.000006
29520000 0.000018
29510000 0.000009
29500000 0.000005
29490000 0.000003
29480000 0.000004
29470000 0.000004
29460000 0.000003
29450000 0.000004
29440000 0.000006
29430000 0.000008
29420000 0.000003
29410000 0.000006
29400000 0.000004
29390000 0.000004
29380000 0.000003
29370000 0.000006
29360000 0.000006
29350000 0.000004
29340000 0.000005
29330000 0.000005
29320000 0.000003
29310000 0.000004
29300000 0.000003
29290000 0.000004
29280000 0.000005
29270000 0.000004
29260000 0.000006
29250000 0.000005
29240000 0.000004
29230000 0.000003
29220000 0.000004
29210000 0.000006
29200000 0.000004
29190000 0.000007
29180000 0.000002
29170000 0.000004
29160000 0.000004
29150000 0.000003
29140000 0.000004
29130000 0.000003
29120000 0.000007
29110000 0.000003
29100000 0.000006
29090000 0.000004
29080000 0.000005
29070000 0.000007
29060000 0.000004
29050000 0.000004
29040000 0.000005
29030000 0.000004
29020000 0.000004
29010000 0.000005
29000000 0.000011
28990000 0.000003
28980000 0.000003
28970000 0.000003
28960000 0.000003
28950000 0.000005
28940000 0.000003
28930000 0.000003
28920000 0.000004
28910000 0.000005
28900000 0.000007
28890000 0.000004
28880000 0.000003
28870000 0.000004
28860000 0.000005
28850000 0.000007
28840000 0.000002
28830000 0.000004
28820000 0.000005
28810000 0.000016
28800000 0.000005
28790000 0.000004
28780000 0.000004
28770000 0.000004
28760000 0.000005
28750000 0.000005
28740000 0.000003
28730000 0.000005
28720000 0.000004
28710000 0.000003
28700000 0.000004
28690000 0.000005
28680000 0.000004
28670000 0.000004
28660000 0.000005
28650000 0.000003
28640000 0.000003
28630000 0.000002
28620000 0.000008
28610000 0.000004
28600000 0.000005
28590000 0.000003
28580000 0.000007
28570000 0.000003
28560000 0.000004
28550000 0.000004
28540000 0.000004
28530000 0.000005
28520000 0.000004
28510000 0.000003
28500000 0.000005
28490000 0.000004
28480000 0.000009
28470000 0.000006
28460000 0.000003
28450000 0.000002
28440000 0.000004
28430000 0.000004
28420000 0.000004
28410000 0.000004
28400000 0.000006
28390000 0.000005
28380000 0.000003
28370000 0.000003
28360000 0.000004
28350000 0.000003
28340000 0.000003
28330000 0.000004
28320000 0.000006
28310000 0.000004
28300000 0.000006
28290000 0.000003
28280000 0.000003
28270000 0.000003
28260000 0.000005
28250000 0.000005
28240000 0.000003
28230000 0.000003
28220000 0.000003
28210000 0.000004
28200000 0.000004
28190000 0.000005
28180000 0.000005
28170000 0.000003
28160000 0.000003
28150000 0.000003
28140000 0.000003
28130000 0.000005
28120000 0.000003
28110000 0.000002
28100000 0.000004
28090000 0.000005
28080000 0.000004
28070000 0.000004
28060000 0.000004
28050000 0.000004
28040000 0.000005
28030000 0.000004
28020000 0.000006
28010000 0.000004
28000000 0.000003
27990000 0.000002
27980000 0.000003
27970000 0.000007
27960000 0.000006
27950000 0.000010
27940000 0.000003
27930000 0.000004
27920000 0.000003
27910000 0.000003
27900000 0.000003
27890000 0.000006
27880000 0.000003
27870000 0.000004
27860000 0.000003
27850000 0.000005
27840000 0.000007
27830000 0.000003
27820000 0.000003
27810000 0.000003
27800000 0.000004
27790000 0.000002
27780000 0.000003
27770000 0.000003
27760000 0.000003
27750000 0.000006
27740000 0.000005
27730000 0.000003
27720000 0.000004
27710000 0.000002
27700000 0.000003
27690000 0.000005
27680000 0.000003
27670000 0.000007
27660000 0.000003
27650000 0.000003
27640000 0.000003
27630000 0.000003
27620000 0.000004
27610000 0.000006
27600000 0.000006
27590000 0.000004
27580000 0.000004
27570000 0.000004
27560000 0.000003
27550000 0.000005
27540000 0.000003
27530000 0.000004
27520000 0.000002
27510000 0.000004
27500000 0.000004
27490000 0.000005
27480000 0.000006
27470000 0.000005
27460000 0.000007
27450000 0.000004
27440000 0.000004
27430000 0.000003
27420000 0.000005
27410000 0.000003
27400000 0.000003
27390000 0.000006
27380000 0.000003
27370000 0.000004
27360000 0.000005
27350000 0.000004
27340000 0.000004
27330000 0.000003
27320000 0.000004
27310000 0.000005
27300000 0.000004
27290000 0.000004
27280000 0.000009
27270000 0.000008
27260000 0.000009
27250000 0.000018
27240000 0.000026
27230000 0.000016
27220000 0.000005
27210000 0.000005
27200000 0.000007
27190000 0.000005
27180000 0.000004
27170000 0.000004
27160000 0.000004
27150000 0.000005
27140000 0.000006
27130000 0.000004
27120000 0.000004
27110000 0.000006
27100000 0.000004
27090000 0.000003
27080000 0.000004
27070000 0.000004
27060000 0.000004
27050000 0.000005
27040000 0.000008
27030000 0.000007
27020000 0.000003
27010000 0.000003
27000000 0.000004
26990000 0.000004
26980000 0.000005
26970000 0.000003
26960000 0.000011
26950000 0.000004
26940000 0.000008
26930000 0.000004
26920000 0.000003
26910000 0.000003
26900000 0.000003
26890000 0.000004
26880000 0.000004
26870000 0.000004
26860000 0.000004
26850000 0.000003
26840000 0.000003
26830000 0.000005
26820000 0.000006
26810000 0.000004
26800000 0.000004
26790000 0.000002
26780000 0.000006
26770000 0.000004
26760000 0.000003
26750000 0.000004
26740000 0.000005
26730000 0.000003
26720000 0.000003
26710000 0.000004
26700000 0.000003
26690000 0.000007
26680000 0.000003
26670000 0.000006
26660000 0.000004
26650000 0.000004
26640000 0.000004
26630000 0.000004
26620000 0.000004
26610000 0.000004
26600000 0.000006
26590000 0.000006
26580000 0.000005
26570000 0.000004
26560000 0.000005
26550000 0.000006
26540000 0.000004
26530000 0.000005
26520000 0.000005
26510000 0.000004
26500000 0.000006
26490000 0.000005
26480000 0.000006
26470000 0.000004
26460000 0.000005
26450000 0.000006
26440000 0.000006
26430000 0.000005
26420000 0.000003
26410000 0.000004
26400000 0.000007
26390000 0.000004
26380000 0.000004
26370000 0.000006
26360000 0.000003
26350000 0.000004
26340000 0.000004
26330000 0.000010
26320000 0.000002
26310000 0.000004
26300000 0.000002
26290000 0.000006
26280000 0.000004
26270000 0.000003
26260000 0.000005
26250000 0.000004
26240000 0.000004
26230000 0.000007
26220000 0.000005
26210000 0.000006
26200000 0.000005
26190000 0.000004
26180000 0.000010
26170000 0.000005
26160000 0.000004
26150000 0.000004
26140000 0.000012
26130000 0.000004
26120000 0.000003
26110000 0.000006
26100000 0.000004
26090000 0.000005
26080000 0.000004
26070000 0.000003
26060000 0.000003
26050000 0.000007
26040000 0.000004
26030000 0.000002
26020000 0.000003
26010000 0.000004
26000000 0.000004
25990000 0.000004
25980000 0.000003
25970000 0.000004
25960000 0.000005
25950000 0.000006
25940000 0.000003
25930000 0.000004
25920000 0.000003
25910000 0.000003
25900000 0.000006
25890000 0.000006
25880000 0.000003
25870000 0.000005
25860000 0.000003
25850000 0.000005
25840000 0.000002
25830000 0.000006
25820000 0.000004
25810000 0.000004
25800000 0.000009
25790000 0.000004
25780000 0.000005
25770000 0.000006
25760000 0.000005
25750000 0.000003
25740000 0.000003
25730000 0.000003
25720000 0.000005
25710000 0.000005
25700000 0.000004
25690000 0.000005
25680000 0.000003
25670000 0.000004
25660000 0.000004
25650000 0.000002
25640000 0.000005
25630000 0.000003
25620000 0.000003
25610000 0.000005
25600000 0.000008
25590000 0.000003
25580000 0.000006
25570000 0.000003
25560000 0.000006
25550000 0.000005
25540000 0.000003
25530000 0.000003
25520000 0.000004
25510000 0.000003
25500000 0.000003
25490000 0.000003
25480000 0.000003
25470000 0.000004
25460000 0.000005
25450000 0.000003
25440000 0.000004
25430000 0.000004
25420000 0.000003
25410000 0.000003
25400000 0.000005
25390000 0.000004
25380000 0.000004
25370000 0.000003
25360000 0.000003
25350000 0.000003
25340000 0.000002
25330000 0.000006
25320000 0.000005
25310000 0.000004
25300000 0.000004
25290000 0.000003
25280000 0.000004
25270000 0.000006
25260000 0.000003
25250000 0.000005
25240000 0.000008
25230000 0.000005
25220000 0.000004
25210000 0.000003
25200000 0.000004
25190000 0.000006
25180000 0.000004
25170000 0.000004
25160000 0.000005
25150000 0.000003
25140000 0.000005
25130000 0.000002
25120000 0.000005
25110000 0.000005
25100000 0.000004
25090000 0.000003
25080000 0.000006
25070000 0.000002
25060000 0.000004
25050000 0.000007
25040000 0.000005
25030000 0.000005
25020000 0.000003
25010000 0.000003
25000000 0.000004
24990000 0.000005
24980000 0.000003
24970000 0.000003
24960000 0.000005
24950000 0.000004
24940000 0.000004
24930000 0.000003
24920000 0.000003
24910000 0.000003
24900000 0.000003
24890000 0.000003
24880000 0.000003
24870000 0.000002
24860000 0.000008
24850000 0.000003
24840000 0.000005
24830000 0.000004
24820000 0.000001
24810000 0.000003
24800000 0.000004
24790000 0.000004
24780000 0.000005
24770000 0.000003
24760000 0.000004
24750000 0.000004
24740000 0.000006
24730000 0.000006
24720000 0.000005
24710000 0.000004
24700000 0.000004
24690000 0.000004
24680000 0.000003
24670000 0.000005
24660000 0.000003
24650000 0.000006
24640000 0.000003
24630000 0.000002
24620000 0.000003
24610000 0.000003
24600000 0.000004
24590000 0.000004
24580000 0.000005
24570000 0.000005
24560000 0.000004
24550000 0.000003
24540000 0.000003
24530000 0.000005
24520000 0.000004
24510000 0.000003
24500000 0.000005
24490000 0.000004
24480000 0.000005
24470000 0.000002
24460000 0.000003
24450000 0.000004
24440000 0.000002
24430000 0.000002
24420000 0.000003
24410000 0.000005
24400000 0.000011
24390000 0.000006
24380000 0.000010
24370000 0.000004
24360000 0.000003
24350000 0.000004
24340000 0.000005
24330000 0.000005
24320000 0.000004
24310000 0.000005
24300000 0.000012
24290000 0.000020
24280000 0.000011
24270000 0.000005
24260000 0.000006
24250000 0.000005
24240000 0.000003
24230000 0.000007
24220000 0.000006
24210000 0.000006
24200000 0.000007
24190000 0.000004
24180000 0.000006
24170000 0.000008
24160000 0.000104
24150000 0.000034
24140000 0.000032
24130000 0.000017
24120000 0.000008
24110000 0.000014
24100000 0.000027
24090000 0.000029
24080000 0.000008
24070000 0.000015
24060000 0.000006
24050000 0.000005
24040000 0.000006
24030000 0.000003
24020000 0.000005
24010000 0.000003
24000000 0.000005
23990000 0.000006
23980000 0.000005
23970000 0.000003
23960000 0.000002
23950000 0.000006
23940000 0.000004
23930000 0.000003
23920000 0.000004
23910000 0.000003
23900000 0.000005
23890000 0.000004
23880000 0.000005
23870000 0.000004
23860000 0.000003
23850000 0.000006
23840000 0.000004
23830000 0.000006
23820000 0.000005
23810000 0.000007
23800000 0.000005
23790000 0.000006
23780000 0.000006
23770000 0.000004
23760000 0.000004
23750000 0.000004
23740000 0.000007
23730000 0.000005
23720000 0.000004
23710000 0.000005
23700000 0.000005
23690000 0.000003
23680000 0.000004
23670000 0.000003
23660000 0.000003
23650000 0.000004
23640000 0.000003
23630000 0.000003
23620000 0.000005
23610000 0.000006
23600000 0.000004
23590000 0.000003
23580000 0.000007
23570000 0.000003
23560000 0.000006
23550000 0.000006
23540000 0.000005
23530000 0.000006
23520000 0.000002
23510000 0.000004
23500000 0.000007
23490000 0.000004
23480000 0.000007
23470000 0.000005
23460000 0.000004
23450000 0.000006
23440000 0.000005
23430000 0.000005
23420000 0.000002
23410000 0.000005
23400000 0.000007
23390000 0.000005
23380000 0.000005
23370000 0.000006
23360000 0.000007
23350000 0.000005
23340000 0.000005
23330000 0.000005
23320000 0.000004
23310000 0.000005
23300000 0.000005
23290000 0.000005
23280000 0.000004
23270000 0.000008
23260000 0.000004
23250000 0.000007
23240000 0.000007
23230000 0.000003
23220000 0.000005
23210000 0.000002
23200000 0.000005
23190000 0.000006
23180000 0.000004
23170000 0.000007
23160000 0.000004
23150000 0.000005
23140000 0.000003
23130000 0.000002
23120000 0.000007
23110000 0.000005
23100000 0.000003
23090000 0.000005
23080000 0.000004
23070000 0.000007
23060000 0.000003
23050000 0.000004
23040000 0.000004
23030000 0.000003
23020000 0.000003
23010000 0.000007
23000000 0.000012
22990000 0.000005
22980000 0.000005
22970000 0.000003
22960000 0.000004
22950000 0.000003
22940000 0.000008
22930000 0.000004
22920000 0.000003
22910000 0.000005
22900000 0.000004
22890000 0.000003
22880000 0.000005
22870000 0.000004
22860000 0.000006
22850000 0.000002
22840000 0.000004
22830000 0.000005
22820000 0.000005
22810000 0.000003
22800000 0.000003
22790000 0.000002
22780000 0.000004
22770000 0.000005
22760000 0.000006
22750000 0.000005
22740000 0.000004
22730000 0.000003
22720000 0.000004
22710000 0.000004
22700000 0.000004
22690000 0.000004
22680000 0.000003
22670000 0.000004
22660000 0.000002
22650000 0.000005
22640000 0.000004
22630000 0.000006
22620000 0.000003
22610000 0.000004
22600000 0.000004
22590000 0.000005
22580000 0.000008
22570000 0.000004
22560000 0.000008
22550000 0.000004
22540000 0.000005
22530000 0.000003
22520000 0.000008
22510000 0.000005
22500000 0.000003
22490000 0.000004
22480000 0.000007
22470000 0.000004
22460000 0.000004
22450000 0.000005
22440000 0.000003
22430000 0.000004
22420000 0.000005
22410000 0.000004
22400000 0.000007
22390000 0.000006
22380000 0.000006
22370000 0.000003
22360000 0.000003
22350000 0.000008
22340000 0.000006
22330000 0.000003
22320000 0.000006
22310000 0.000003
22300000 0.000006
22290000 0.000007
22280000 0.000006
22270000 0.000006
22260000 0.000003
22250000 0.000003
22240000 0.000004
22230000 0.000004
22220000 0.000003
22210000 0.000004
22200000 0.000003
22190000 0.000008
22180000 0.000004
22170000 0.000005
22160000 0.000004
22150000 0.000005
22140000 0.000003
22130000 0.000004
22120000 0.000006
22110000 0.000005
22100000 0.000003
22090000 0.000005
22080000 0.000005
22070000 0.000004
22060000 0.000004
22050000 0.000004
22040000 0.000002
22030000 0.000004
22020000 0.000007
22010000 0.000005
22000000 0.000003
21990000 0.000004
21980000 0.000003
21970000 0.000006
21960000 0.000006
21950000 0.000004
21940000 0.000005
21930000 0.000005
21920000 0.000004
21910000 0.000005
21900000 0.000003
21890000 0.000004
21880000 0.000006
21870000 0.000003
21860000 0.000003
21850000 0.000003
21840000 0.000008
21830000 0.000004
21820000 0.000004
21810000 0.000004
21800000 0.000003
21790000 0.000007
21780000 0.000003
21770000 0.000006
21760000 0.000004
21750000 0.000004
21740000 0.000005
21730000 0.000003
21720000 0.000007
21710000 0.000006
21700000 0.000005
21690000 0.000005
21680000 0.000008
21670000 0.000004
21660000 0.000004
21650000 0.000003
21640000 0.000007
21630000 0.000006
21620000 0.000007
21610000 0.000004
21600000 0.000009
21590000 0.000004
21580000 0.000006
21570000 0.000004
21560000 0.000005
21550000 0.000004
21540000 0.000004
21530000 0.000004
21520000 0.000005
21510000 0.000003
21500000 0.000004
21490000 0.000005
21480000 0.000005
21470000 0.000005
21460000 0.000004
21450000 0.000006
21440000 0.000005
21430000 0.000002
21420000 0.000004
21410000 0.000004
21400000 0.000004
21390000 0.000004
21380000 0.000006
21370000 0.000006
21360000 0.000005
21350000 0.000004
21340000 0.000002
21330000 0.000006
21320000 0.000003
21310000 0.000003
21300000 0.000005
21290000 0.000008
21280000 0.000005
21270000 0.000004
21260000 0.000004
21250000 0.000004
21240000 0.000003
21230000 0.000004
21220000 0.000005
21210000 0.000006
21200000 0.000004
21190000 0.000005
21180000 0.000005
21170000 0.000005
21160000 0.000012
21150000 0.000005
21140000 0.000002
21130000 0.000005
21120000 0.000004
21110000 0.000004
21100000 0.000006
21090000 0.000004
21080000 0.000002
21070000 0.000005
21060000 0.000006
21050000 0.000002
21040000 0.000007
21030000 0.000005
21020000 0.000003
21010000 0.000005
21000000 0.000003
20990000 0.000004
20980000 0.000004
20970000 0.000004
20960000 0.000008
20950000 0.000004
20940000 0.000005
20930000 0.000007
20920000 0.000003
20910000 0.000004
20900000 0.000006
20890000 0.000006
20880000 0.000003
20870000 0.000006
20860000 0.000013
20850000 0.000005
20840000 0.000004
20830000 0.000004
20820000 0.000006
20810000 0.000003
20800000 0.000005
20790000 0.000005
20780000 0.000002
20770000 0.000004
20760000 0.000007
20750000 0.000005
20740000 0.000004
20730000 0.000006
20720000 0.000004
20710000 0.000005
20700000 0.000007
20690000 0.000005
20680000 0.000006
20670000 0.000008
20660000 0.000007
20650000 0.000004
20640000 0.000003
20630000 0.000003
20620000 0.000005
20610000 0.000004
20600000 0.000004
20590000 0.000004
20580000 0.000005
20570000 0.000006
20560000 0.000007
20550000 0.000005
20540000 0.000006
20530000 0.000004
20520000 0.000004
20510000 0.000004
20500000 0.000003
20490000 0.000004
20480000 0.000003
20470000 0.000004
20460000 0.000006
20450000 0.000006
20440000 0.000003
20430000 0.000004
20420000 0.000003
20410000 0.000003
20400000 0.000007
20390000 0.000005
20380000 0.000005
20370000 0.000006
20360000 0.000003
20350000 0.000005
20340000 0.000006
20330000 0.000009
20320000 0.000013
20310000 0.000009
20300000 0.000014
20290000 0.000005
20280000 0.000005
20270000 0.000004
20260000 0.000006
20250000 0.000003
20240000 0.000004
20230000 0.000007
20220000 0.000006
20210000 0.000004
20200000 0.000003
20190000 0.000004
20180000 0.000008
20170000 0.000005
20160000 0.000005
20150000 0.000003
20140000 0.000006
20130000 0.000005
20120000 0.000004
20110000 0.000004
20100000 0.000007
20090000 0.000007
20080000 0.000004
20070000 0.000004
20060000 0.000005
20050000 0.000005
20040000 0.000004
20030000 0.000006
20020000 0.000006
20010000 0.000003
20000000 0.000004
19990000 0.000006
19980000 0.000004
19970000 0.000007
19960000 0.000004
19950000 0.000005
19940000 0.000005
19930000 0.000003
19920000 0.000007
19910000 0.000004
19900000 0.000006
19890000 0.000004
19880000 0.000007
19870000 0.000005
19860000 0.000005
19850000 0.000002
19840000 0.000004
19830000 0.000004
19820000 0.000006
19810000 0.000003
19800000 0.000004
19790000 0.000005
19780000 0.000003
19770000 0.000003
19760000 0.000005
19750000 0.000006
19740000 0.000005
19730000 0.000006
19720000 0.000005
19710000 0.000003
19700000 0.000005
19690000 0.000005
19680000 0.000004
19670000 0.000004
19660000 0.000004
19650000 0.000006
19640000 0.000006
19630000 0.000006
19620000 0.000004
19610000 0.000004
19600000 0.000005
19590000 0.000004
19580000 0.000004
19570000 0.000005
19560000 0.000004
19550000 0.000003
19540000 0.000003
19530000 0.000004
19520000 0.000004
19510000 0.000005
19500000 0.000004
19490000 0.000005
19480000 0.000003
19470000 0.000003
19460000 0.000006
19450000 0.000006
19440000 0.000006
19430000 0.000004
19420000 0.000004
19410000 0.000004
19400000 0.000004
19390000 0.000003
19380000 0.000004
19370000 0.000006
19360000 0.000006
19350000 0.000005
19340000 0.000005
19330000 0.000004
19320000 0.000003
19310000 0.000003
19300000 0.000004
19290000 0.000003
19280000 0.000011
19270000 0.000003
19260000 0.000004
19250000 0.000005
19240000 0.000005
19230000 0.000005
19220000 0.000006
19210000 0.000005
19200000 0.000003
19190000 0.000005
19180000 0.000007
19170000 0.000004
19160000 0.000003
19150000 0.000003
19140000 0.000002
19130000 0.000006
19120000 0.000004
19110000 0.000006
19100000 0.000006
19090000 0.000004
19080000 0.000006
19070000 0.000004
19060000 0.000007
19050000 0.000005
19040000 0.000003
19030000 0.000003
19020000 0.000004
19010000 0.000003
19000000 0.000004
18990000 0.000006
18980000 0.000004
18970000 0.000004
18960000 0.000003
18950000 0.000004
18940000 0.000005
18930000 0.000004
18920000 0.000005
18910000 0.000004
18900000 0.000007
18890000 0.000005
18880000 0.000006
18870000 0.000004
18860000 0.000009
18850000 0.000003
18840000 0.000004
18830000 0.000004
18820000 0.000004
18810000 0.000003
18800000 0.000003
18790000 0.000005
18780000 0.000004
18770000 0.000006
18760000 0.000004
18750000 0.000005
18740000 0.000003
18730000 0.000004
18720000 0.000004
18710000 0.000004
18700000 0.000004
18690000 0.000005
18680000 0.000002
18670000 0.000004
18660000 0.000003
18650000 0.000007
18640000 0.000003
18630000 0.000004
18620000 0.000007
18610000 0.000006
18600000 0.000006
18590000 0.000004
18580000 0.000004
18570000 0.000004
18560000 0.000004
18550000 0.000004
18540000 0.000004
18530000 0.000005
18520000 0.000005
18510000 0.000003
18500000 0.000007
18490000 0.000007
18480000 0.000005
18470000 0.000008
18460000 0.000007
18450000 0.000006
18440000 0.000006
18430000 0.000007
18420000 0.000006
18410000 0.000005
18400000 0.000003
18390000 0.000004
18380000 0.000007
18370000 0.000004
18360000 0.000005
18350000 0.000007
18340000 0.000005
18330000 0.000005
18320000 0.000007
18310000 0.000008
18300000 0.000003
18290000 0.000004
18280000 0.000006
18270000 0.000004
18260000 0.000005
18250000 0.000006
18240000 0.000008
18230000 0.000005
18220000 0.000005
18210000 0.000009
18200000 0.000007
18190000 0.000004
18180000 0.000003
18170000 0.000004
18160000 0.000006
18150000 0.000006
18140000 0.000004
18130000 0.000004
18120000 0.000004
18110000 0.000003
18100000 0.000005
18090000 0.000005
18080000 0.000004
18070000 0.000006
18060000 0.000004
18050000 0.000007
18040000 0.000004
18030000 0.000004
18020000 0.000004
18010000 0.000005
18000000 0.000004
17990000 0.000005
17980000 0.000007
17970000 0.000004
17960000 0.000004
17950000 0.000005
17940000 0.000004
17930000 0.000004
17920000 0.000009
17910000 0.000005
17900000 0.000005
17890000 0.000004
17880000 0.000009
17870000 0.000005
17860000 0.000004
17850000 0.000004
17840000 0.000006
17830000 0.000005
17820000 0.000004
17810000 0.000004
17800000 0.000004
17790000 0.000005
17780000 0.000005
17770000 0.000004
17760000 0.000004
17750000 0.000003
17740000 0.000008
17730000 0.000005
17720000 0.000004
17710000 0.000004
17700000 0.000005
17690000 0.000005
17680000 0.000004
17670000 0.000006
17660000 0.000004
17650000 0.000004
17640000 0.000004
17630000 0.000006
17620000 0.000005
17610000 0.000004
17600000 0.000004
17590000 0.000005
17580000 0.000004
17570000 0.000009
17560000 0.000007
17550000 0.000005
17540000 0.000008
17530000 0.000003
17520000 0.000006
17510000 0.000007
17500000 0.000006
17490000 0.000005
17480000 0.000004
17470000 0.000003
17460000 0.000004
17450000 0.000007
17440000 0.000005
17430000 0.000003
17420000 0.000007
17410000 0.000004
17400000 0.000006
17390000 0.000004
17380000 0.000004
17370000 0.000003
17360000 0.000005
17350000 0.000004
17340000 0.000005
17330000 0.000007
17320000 0.000005
17310000 0.000006
17300000 0.000005
17290000 0.000006
17280000 0.000005
17270000 0.000004
17260000 0.000008
17250000 0.000004
17240000 0.000003
17230000 0.000005
17220000 0.000006
17210000 0.000003
17200000 0.000005
17190000 0.000003
17180000 0.000006
17170000 0.000004
17160000 0.000004
17150000 0.000003
17140000 0.000004
17130000 0.000006
17120000 0.000006
17110000 0.000005
17100000 0.000003
17090000 0.000006
17080000 0.000007
17070000 0.000004
17060000 0.000008
17050000 0.000004
17040000 0.000003
17030000 0.000004
17020000 0.000005
17010000 0.000004
17000000 0.000006
16990000 0.000004
16980000 0.000008
16970000 0.000004
16960000 0.000005
16950000 0.000005
16940000 0.000003
16930000 0.000004
16920000 0.000003
16910000 0.000005
16900000 0.000006
16890000 0.000002
16880000 0.000006
16870000 0.000004
16860000 0.000004
16850000 0.000004
16840000 0.000004
16830000 0.000004
16820000 0.000003
16810000 0.000003
16800000 0.000004
16790000 0.000003
16780000 0.000007
16770000 0.000005
16760000 0.000003
16750000 0.000007
16740000 0.000003
16730000 0.000007
16720000 0.000008
16710000 0.000006
16700000 0.000005
16690000 0.000004
16680000 0.000004
16670000 0.000006
16660000 0.000009
16650000 0.000005
16640000 0.000006
16630000 0.000004
16620000 0.000009
16610000 0.000004
16600000 0.000004
16590000 0.000004
16580000 0.000007
16570000 0.000004
16560000 0.000004
16550000 0.000007
16540000 0.000004
16530000 0.000005
16520000 0.000005
16510000 0.000006
16500000 0.000003
16490000 0.000004
16480000 0.000003
16470000 0.000004
16460000 0.000005
16450000 0.000004
16440000 0.000004
16430000 0.000007
16420000 0.000006
16410000 0.000004
16400000 0.000003
16390000 0.000004
16380000 0.000005
16370000 0.000003
16360000 0.000003
16350000 0.000006
16340000 0.000004
16330000 0.000004
16320000 0.000008
16310000 0.000006
16300000 0.000005
16290000 0.000004
16280000 0.000004
16270000 0.000005
16260000 0.000004
16250000 0.000010
16240000 0.000005
16230000 0.000006
16220000 0.000004
16210000 0.000003
16200000 0.000006
16190000 0.000005
16180000 0.000005
16170000 0.000007
16160000 0.000007
16150000 0.000004
16140000 0.000004
16130000 0.000007
16120000 0.000011
16110000 0.000005
16100000 0.000005
16090000 0.000004
16080000 0.000002
16070000 0.000004
16060000 0.000004
16050000 0.000004
16040000 0.000005
16030000 0.000006
16020000 0.000006
16010000 0.000005
16000000 0.000005
15990000 0.000004
15980000 0.000007
15970000 0.000004
15960000 0.000004
15950000 0.000003
15940000 0.000004
15930000 0.000007
15920000 0.000004
15910000 0.000001
15900000 0.000005
15890000 0.000004
15880000 0.000005
15870000 0.000006
15860000 0.000005
15850000 0.000004
15840000 0.000006
15830000 0.000004
15820000 0.000004
15810000 0.000006
15800000 0.000006
15790000 0.000004
15780000 0.000005
15770000 0.000004
15760000 0.000004
15750000 0.000005
15740000 0.000005
15730000 0.000004
15720000 0.000005
15710000 0.000004
15700000 0.000006
15690000 0.000004
15680000 0.000006
15670000 0.000004
15660000 0.000005
15650000 0.000004
15640000 0.000006
15630000 0.000004
15620000 0.000004
15610000 0.000005
15600000 0.000004
15590000 0.000006
15580000 0.000003
15570000 0.000005
15560000 0.000006
15550000 0.000006
15540000 0.000006
15530000 0.000006
15520000 0.000004
15510000 0.000003
15500000 0.000003
15490000 0.000005
15480000 0.000004
15470000 0.000005
15460000 0.000006
15450000 0.000009
15440000 0.000005
15430000 0.000007
15420000 0.000004
15410000 0.000004
15400000 0.000005
15390000 0.000005
15380000 0.000003
15370000 0.000004
15360000 0.000006
15350000 0.000003
15340000 0.000004
15330000 0.000004
15320000 0.000002
15310000 0.000003
15300000 0.000002
15290000 0.000006
15280000 0.000005
15270000 0.000005
15260000 0.000003
15250000 0.000006
15240000 0.000003
15230000 0.000006
15220000 0.000006
15210000 0.000003
15200000 0.000006
15190000 0.000006
15180000 0.000006
15170000 0.000004
15160000 0.000003
15150000 0.000007
15140000 0.000006
15130000 0.000004
15120000 0.000006
15110000 0.000005
15100000 0.000003
15090000 0.000006
15080000 0.000005
15070000 0.000007
15060000 0.000006
15050000 0.000004
15040000 0.000006
15030000 0.000005
15020000 0.000004
15010000 0.000003
15000000 0.000004
14990000 0.000004
14980000 0.000007
14970000 0.000005
14960000 0.000005
14950000 0.000006
14940000 0.000003
14930000 0.000006
14920000 0.000007
14910000 0.000004
14900000 0.000006
14890000 0.000006
14880000 0.000007
14870000 0.000004
14860000 0.000008
14850000 0.000005
14840000 0.000005
14830000 0.000003
14820000 0.000006
14810000 0.000006
14800000 0.000004
14790000 0.000005
14780000 0.000006
14770000 0.000005
14760000 0.000006
14750000 0.000003
14740000 0.000005
14730000 0.000004
14720000 0.000006
14710000 0.000004
14700000 0.000007
14690000 0.000004
14680000 0.000008
14670000 0.000004
14660000 0.000003
14650000 0.000003
14640000 0.000005
14630000 0.000004
14620000 0.000007
14610000 0.000003
14600000 0.000004
14590000 0.000006
14580000 0.000004
14570000 0.000003
14560000 0.000005
14550000 0.000006
14540000 0.000007
14530000 0.000004
14520000 0.000003
14510000 0.000004
14500000 0.000005
14490000 0.000004
14480000 0.000003
14470000 0.000005
14460000 0.000004
14450000 0.000002
14440000 0.000003
14430000 0.000007
14420000 0.000004
14410000 0.000005
14400000 0.000005
14390000 0.000004
14380000 0.000007
14370000 0.000004
14360000 0.000004
14350000 0.000009
14340000 0.000005
14330000 0.000005
14320000 0.000003
14310000 0.000004
14300000 0.000004
14290000 0.000004
14280000 0.000005
14270000 0.000006
14260000 0.000003
14250000 0.000007
14240000 0.000006
14230000 0.000005
14220000 0.000004
14210000 0.000006
14200000 0.000007
14190000 0.000005
14180000 0.000004
14170000 0.000006
14160000 0.000014
14150000 0.000004
14140000 0.000002
14130000 0.000003
14120000 0.000005
14110000 0.000003
14100000 0.000007
14090000 0.000007
14080000 0.000005
14070000 0.000006
14060000 0.000008
14050000 0.000005
14040000 0.000004
14030000 0.000011
14020000 0.000003
14010000 0.000004
14000000 0.000005
13990000 0.000003
13980000 0.000004
13970000 0.000005
13960000 0.000004
13950000 0.000006
13940000 0.000005
13930000 0.000003
13920000 0.000005
13910000 0.000006
13900000 0.000004
13890000 0.000006
13880000 0.000004
13870000 0.000005
13860000 0.000007
13850000 0.000003
13840000 0.000005
13830000 0.000005
13820000 0.000005
13810000 0.000006
13800000 0.000007
13790000 0.000005
13780000 0.000003
13770000 0.000006
13760000 0.000006
13750000 0.000010
13740000 0.000004
13730000 0.000006
13720000 0.000008
13710000 0.000005
13700000 0.000006
13690000 0.000004
13680000 0.000004
13670000 0.000007
13660000 0.000005
13650000 0.000005
13640000 0.000006
13630000 0.000009
13620000 0.000003
13610000 0.000003
13600000 0.000005
13590000 0.000007
13580000 0.000007
13570000 0.000002
13560000 0.000003
13550000 0.000004
13540000 0.000003
13530000 0.000006
13520000 0.000004
13510000 0.000002
13500000 0.000005
13490000 0.000005
13480000 0.000004
13470000 0.000004
13460000 0.000005
13450000 0.000004
13440000 0.000004
13430000 0.000006
13420000 0.000004
13410000 0.000004
13400000 0.000005
13390000 0.000008
13380000 0.000004
13370000 0.000009
13360000 0.000008
13350000 0.000005
13340000 0.000003
13330000 0.000004
13320000 0.000004
13310000 0.000005
13300000 0.000005
13290000 0.000004
13280000 0.000008
13270000 0.000004
13260000 0.000004
13250000 0.000003
13240000 0.000007
13230000 0.000004
13220000 0.000003
13210000 0.000006
13200000 0.000005
13190000 0.000005
13180000 0.000005
13170000 0.000006
13160000 0.000004
13150000 0.000006
13140000 0.000005
13130000 0.000005
13120000 0.000005
13110000 0.000004
13100000 0.000005
13090000 0.000004
13080000 0.000003
13070000 0.000005
13060000 0.000004
13050000 0.000004
13040000 0.000004
13030000 0.000003
13020000 0.000004
13010000 0.000003
13000000 0.000004
12990000 0.000004
12980000 0.000009
12970000 0.000003
12960000 0.000004
12950000 0.000003
12940000 0.000004
12930000 0.000003
12920000 0.000004
12910000 0.000008
12900000 0.000007
12890000 0.000003
12880000 0.000003
12870000 0.000003
12860000 0.000007
12850000 0.000003
12840000 0.000006
12830000 0.000003
12820000 0.000002
12810000 0.000004
12800000 0.000012
12790000 0.000012
12780000 0.000006
12770000 0.000005
12760000 0.000004
12750000 0.000004
12740000 0.000003
12730000 0.000004
12720000 0.000006
12710000 0.000004
12700000 0.000007
12690000 0.000005
12680000 0.000003
12670000 0.000006
12660000 0.000004
12650000 0.000004
12640000 0.000004
12630000 0.000003
12620000 0.000002
12610000 0.000006
12600000 0.000004
12590000 0.000003
12580000 0.000006
12570000 0.000005
12560000 0.000003
12550000 0.000009
12540000 0.000005
12530000 0.000003
12520000 0.000008
12510000 0.000004
12500000 0.000006
12490000 0.000005
12480000 0.000003
12470000 0.000006
12460000 0.000003
12450000 0.000004
12440000 0.000005
12430000 0.000003
12420000 0.000006
12410000 0.000005
12400000 0.000002
12390000 0.000007
12380000 0.000007
12370000 0.000006
12360000 0.000004
12350000 0.000006
12340000 0.000003
12330000 0.000002
12320000 0.000007
12310000 0.000002
12300000 0.000003
12290000 0.000004
12280000 0.000004
12270000 0.000007
12260000 0.000006
12250000 0.000003
12240000 0.000006
12230000 0.000004
12220000 0.000006
12210000 0.000007
12200000 0.000004
12190000 0.000007
12180000 0.000004
12170000 0.000005
12160000 0.000005
12150000 0.000003
12140000 0.000005
12130000 0.000004
12120000 0.000003
12110000 0.000004
12100000 0.000006
12090000 0.000004
12080000 0.000004
12070000 0.000004
12060000 0.000004
12050000 0.000004
12040000 0.000006
12030000 0.000005
12020000 0.000004
12010000 0.000008
12000000 0.000005
11990000 0.000007
11980000 0.000004
11970000 0.000004
11960000 0.000004
11950000 0.000003
11940000 0.000007
11930000 0.000003
11920000 0.000003
11910000 0.000006
11900000 0.000005
11890000 0.000004
11880000 0.000004
11870000 0.000004
11860000 0.000005
11850000 0.000006
11840000 0.000003
11830000 0.000004
11820000 0.000004
11810000 0.000007
11800000 0.000005
11790000 0.000004
11780000 0.000006
11770000 0.000007
11760000 0.000003
11750000 0.000004
11740000 0.000006
11730000 0.000004
11720000 0.000005
11710000 0.000002
11700000 0.000006
11690000 0.000004
11680000 0.000004
11670000 0.000005
11660000 0.000005
11650000 0.000006
11640000 0.000003
11630000 0.000005
11620000 0.000006
11610000 0.000003
11600000 0.000010
11590000 0.000003
11580000 0.000007
11570000 0.000002
11560000 0.000003
11550000 0.000004
11540000 0.000003
11530000 0.000005
11520000 0.000003
11510000 0.000003
11500000 0.000003
11490000 0.000002
11480000 0.000005
11470000 0.000005
11460000 0.000004
11450000 0.000005
11440000 0.000003
11430000 0.000003
11420000 0.000009
11410000 0.000003
11400000 0.000004
11390000 0.000007
11380000 0.000006
11370000 0.000003
11360000 0.000003
11350000 0.000004
11340000 0.000007
11330000 0.000004
11320000 0.000005
11310000 0.000006
11300000 0.000007
11290000 0.000003
11280000 0.000004
11270000 0.000007
11260000 0.000006
11250000 0.000003
11240000 0.000004
11230000 0.000004
11220000 0.000005
11210000 0.000002
11200000 0.000003
11190000 0.000005
11180000 0.000004
11170000 0.000007
11160000 0.000005
11150000 0.000004
11140000 0.000003
11130000 0.000006
11120000 0.000005
11110000 0.000004
11100000 0.000003
11090000 0.000002
11080000 0.000004
11070000 0.000006
11060000 0.000003
11050000 0.000004
11040000 0.000007
11030000 0.000004
11020000 0.000003
11010000 0.000005
11000000 0.000005
10990000 0.000004
10980000 0.000003
10970000 0.000002
10960000 0.000005
10950000 0.000004
10940000 0.000003
10930000 0.000003
10920000 0.000006
10910000 0.000004
10900000 0.000004
10890000 0.000004
10880000 0.000004
10870000 0.000005
10860000 0.000008
10850000 0.000003
10840000 0.000004
10830000 0.000004
10820000 0.000008
10810000 0.000005
10800000 0.000008
10790000 0.000005
10780000 0.000004
10770000 0.000005
10760000 0.000008
10750000 0.000003
10740000 0.000010
10730000 0.000003
10720000 0.000003
10710000 0.000005
10700000 0.000004
10690000 0.000005
10680000 0.000002
10670000 0.000006
10660000 0.000006
10650000 0.000005
10640000 0.000005
10630000 0.000006
10620000 0.000004
10610000 0.000004
10600000 0.000007
10590000 0.000002
10580000 0.000005
10570000 0.000006
10560000 0.000004
10550000 0.000003
10540000 0.000004
10530000 0.000003
10520000 0.000005
10510000 0.000005
10500000 0.000009
10490000 0.000006
10480000 0.000003
10470000 0.000007
10460000 0.000003
10450000 0.000004
10440000 0.000003
10430000 0.000003
10420000 0.000007
10410000 0.000004
10400000 0.000003
10390000 0.000003
10380000 0.000007
10370000 0.000007
10360000 0.000004
10350000 0.000005
10340000 0.000004
10330000 0.000005
10320000 0.000005
10310000 0.000006
10300000 0.000011
10290000 0.000005
10280000 0.000008
10270000 0.000005
10260000 0.000003
10250000 0.000005
10240000 0.000004
10230000 0.000005
10220000 0.000005
10210000 0.000004
10200000 0.000006
10190000 0.000006
10180000 0.000005
10170000 0.000004
10160000 0.000002
10150000 0.000003
10140000 0.000003
10130000 0.000003
10120000 0.000003
10110000 0.000007
10100000 0.000003
10090000 0.000007
10080000 0.000006
10070000 0.000003
10060000 0.000005
10050000 0.000003
10040000 0.000006
10030000 0.000005
10020000 0.000003
10010000 0.000003
10000000 0.000004
9990000 0.000007
9980000 0.000006
9970000 0.000005
9960000 0.000003
9950000 0.000002
9940000 0.000005
9930000 0.000006
9920000 0.000003
9910000 0.000005
9900000 0.000004
9890000 0.000003
9880000 0.000008
9870000 0.000003
9860000 0.000006
9850000 0.000004
9840000 0.000003
9830000 0.000005
9820000 0.000006
9810000 0.000006
9800000 0.000004
9790000 0.000005
9780000 0.000003
9770000 0.000006
9760000 0.000005
9750000 0.000003
9740000 0.000004
9730000 0.000006
9720000 0.000007
9710000 0.000004
9700000 0.000008
9690000 0.000005
9680000 0.000006
9670000 0.000003
9660000 0.000003
9650000 0.000004
9640000 0.000002
9630000 0.000007
9620000 0.000005
9610000 0.000003
9600000 0.000004
9590000 0.000003
9580000 0.000005
9570000 0.000006
9560000 0.000005
9550000 0.000004
9540000 0.000005
9530000 0.000003
9520000 0.000009
9510000 0.000008
9500000 0.000004
9490000 0.000004
9480000 0.000005
9470000 0.000003
9460000 0.000004
9450000 0.000004
9440000 0.000005
9430000 0.000004
9420000 0.000003
9410000 0.000003
9400000 0.000005
9390000 0.000003
9380000 0.000006
9370000 0.000005
9360000 0.000005
9350000 0.000003
9340000 0.000008
9330000 0.000007
9320000 0.000004
9310000 0.000005
9300000 0.000011
9290000 0.000004
9280000 0.000006
9270000 0.000005
9260000 0.000005
9250000 0.000002
9240000 0.000006
9230000 0.000006
9220000 0.000003
9210000 0.000004
9200000 0.000003
9190000 0.000006
9180000 0.000004
9170000 0.000004
9160000 0.000003
9150000 0.000004
9140000 0.000004
9130000 0.000004
9120000 0.000003
9110000 0.000004
9100000 0.000005
9090000 0.000011
9080000 0.000004
9070000 0.000019
9060000 0.000009
9050000 0.000014
9040000 0.000074
9030000 0.000019
9020000 0.000011
9010000 0.000012
9000000 0.000006
8990000 0.000014
8980000 0.000006
8970000 0.000011
8960000 0.000005
8950000 0.000004
8940000 0.000005
8930000 0.000005
8920000 0.000004
8910000 0.000004
8900000 0.000005
8890000 0.000003
8880000 0.000002
8870000 0.000006
8860000 0.000003
8850000 0.000003
8840000 0.000003
8830000 0.000005
8820000 0.000003
8810000 0.000007
8800000 0.000004
8790000 0.000006
8780000 0.000006
8770000 0.000003
8760000 0.000005
8750000 0.000005
8740000 0.000002
8730000 0.000003
8720000 0.000006
8710000 0.000005
8700000 0.000003
8690000 0.000006
8680000 0.000006
8670000 0.000004
8660000 0.000003
8650000 0.000006
8640000 0.000005
8630000 0.000006
8620000 0.000006
8610000 0.000007
8600000 0.000005
8590000 0.000003
8580000 0.000004
8570000 0.000007
8560000 0.000004
8550000 0.000005
8540000 0.000004
8530000 0.000005
8520000 0.000005
8510000 0.000005
8500000 0.000003
8490000 0.000002
8480000 0.000002
8470000 0.000003
8460000 0.000003
8450000 0.000003
8440000 0.000004
8430000 0.000003
8420000 0.000002
8410000 0.000004
8400000 0.000003
8390000 0.000003
8380000 0.000002
8370000 0.000013
8360000 0.000006
8350000 0.000003
8340000 0.000005
8330000 0.000004
8320000 0.000003
8310000 0.000003
8300000 0.000004
8290000 0.000006
8280000 0.000003
8270000 0.000005
8260000 0.000007
8250000 0.000007
8240000 0.000004
8230000 0.000004
8220000 0.000003
8210000 0.000002
8200000 0.000003
8190000 0.000003
8180000 0.000002
8170000 0.000003
8160000 0.000004
8150000 0.000005
8140000 0.000005
8130000 0.000010
8120000 0.000003
8110000 0.000005
8100000 0.000003
8090000 0.000003
8080000 0.000003
8070000 0.000004
8060000 0.000003
8050000 0.000004
8040000 0.000004
8030000 0.000004
8020000 0.000002
8010000 0.000002
8000000 0.000003
7990000 0.000003
7980000 0.000002
7970000 0.000004
7960000 0.000003
7950000 0.000004
7940000 0.000003
7930000 0.000006
7920000 0.000008
7910000 0.000004
7900000 0.000004
7890000 0.000003
7880000 0.000003
7870000 0.000005
7860000 0.000003
7850000 0.000004
7840000 0.000007
7830000 0.000005
7820000 0.000005
7810000 0.000005
7800000 0.000008
7790000 0.000009
7780000 0.000013
7770000 0.000007
7760000 0.000004
7750000 0.000004
7740000 0.000005
7730000 0.000004
7720000 0.000005
7710000 0.000004
7700000 0.000004
7690000 0.000006
7680000 0.000003
7670000 0.000012
7660000 0.000003
7650000 0.000008
7640000 0.000004
7630000 0.000006
7620000 0.000004
7610000 0.000004
7600000 0.000003
7590000 0.000005
7580000 0.000003
7570000 0.000006
7560000 0.000002
7550000 0.000006
7540000 0.000003
7530000 0.000007
7520000 0.000003
7510000 0.000004
7500000 0.000003
7490000 0.000003
7480000 0.000002
7470000 0.000002
7460000 0.000005
7450000 0.000005
7440000 0.000007
7430000 0.000003
7420000 0.000003
7410000 0.000004
7400000 0.000004
7390000 0.000002
7380000 0.000006
7370000 0.000004
7360000 0.000006
7350000 0.000002
7340000 0.000004
7330000 0.000004
7320000 0.000004
7310000 0.000004
7300000 0.000006
7290000 0.000003
7280000 0.000006
7270000 0.000004
7260000 0.000004
7250000 0.000004
7240000 0.000003
7230000 0.000004
7220000 0.000003
7210000 0.000005
7200000 0.000005
7190000 0.000005
7180000 0.000003
7170000 0.000002
7160000 0.000003
7150000 0.000004
7140000 0.000004
7130000 0.000004
7120000 0.000004
7110000 0.000005
7100000 0.000003
7090000 0.000002
7080000 0.000002
7070000 0.000003
7060000 0.000002
7050000 0.000006
7040000 0.000003
7030000 0.000006
7020000 0.000003
7010000 0.000003
7000000 0.000003
6990000 0.000003
6980000 0.000004
6970000 0.000004
6960000 0.000006
6950000 0.000006
6940000 0.000002
6930000 0.000003
6920000 0.000003
6910000 0.000003
6900000 0.000007
6890000 0.000005
6880000 0.000003
6870000 0.000003
6860000 0.000006
6850000 0.000005
6840000 0.000004
6830000 0.000008
6820000 0.000005
6810000 0.000008
6800000 0.000004
6790000 0.000005
6780000 0.000006
6770000 0.000005
6760000 0.000006
6750000 0.000001
6740000 0.000007
6730000 0.000005
6720000 0.000003
6710000 0.000003
6700000 0.000003
6690000 0.000002
6680000 0.000002
6670000 0.000003
6660000 0.000005
6650000 0.000005
6640000 0.000004
6630000 0.000001
6620000 0.000005
6610000 0.000003
6600000 0.000005
6590000 0.000005
6580000 0.000002
6570000 0.000006
6560000 0.000002
6550000 0.000006
6540000 0.000006
6530000 0.000003
6520000 0.000007
6510000 0.000003
6500000 0.000002
6490000 0.000004
6480000 0.000005
6470000 0.000004
6460000 0.000003
6450000 0.000004
6440000 0.000006
6430000 0.000004
6420000 0.000003
6410000 0.000002
6400000 0.000002
6390000 0.000003
6380000 0.000004
6370000 0.000003
6360000 0.000002
6350000 0.000003
6340000 0.000006
6330000 0.000004
6320000 0.000007
6310000 0.000002
6300000 0.000008
6290000 0.000009
6280000 0.000004
6270000 0.000003
6260000 0.000003
6250000 0.000004
6240000 0.000006
6230000 0.000002
6220000 0.000007
6210000 0.000003
6200000 0.000002
6190000 0.000004
6180000 0.000003
6170000 0.000002
6160000 0.000004
6150000 0.000003
6140000 0.000006
6130000 0.000003
6120000 0.000006
6110000 0.000002
6100000 0.000003
6090000 0.000002
6080000 0.000005
6070000 0.000002
6060000 0.000003
6050000 0.000006
6040000 0.000005
6030000 0.000002
6020000 0.000003
6010000 0.000004
6000000 0.000005
5990000 0.000006
5980000 0.000006
5970000 0.000003
5960000 0.000006
5950000 0.000063
5940000 0.000023
5930000 0.000019
5920000 0.000056
5910000 0.000016
5900000 0.000026
5890000 0.000005
5880000 0.000015
5870000 0.000005
5860000 0.000006
5850000 0.000010
5840000 0.000013
5830000 0.000005
5820000 0.000016
5810000 0.000004
5800000 0.000003
5790000 0.000004
5780000 0.000009
5770000 0.000008
5760000 0.000009
5750000 0.000033
5740000 0.000049
5730000 0.000007
5720000 0.000007
5710000 0.000006
5700000 0.000015
5690000 0.000005
5680000 0.000004
5670000 0.000009
5660000 0.000005
5650000 0.000008
5640000 0.000008
5630000 0.000004
5620000 0.000006
5610000 0.000004
5600000 0.000004
5590000 0.000006
5580000 0.000004
5570000 0.000005
5560000 0.000004
5550000 0.000004
5540000 0.000004
5530000 0.000005
5520000 0.000008
5510000 0.000005
5500000 0.000004
5490000 0.000004
5480000 0.000004
5470000 0.000005
5460000 0.000005
5450000 0.000005
5440000 0.000004
5430000 0.000005
5420000 0.000004
5410000 0.000006
5400000 0.000005
5390000 0.000002
5380000 0.000004
5370000 0.000009
5360000 0.000003
5350000 0.000005
5340000 0.000003
5330000 0.000006
5320000 0.000003
5310000 0.000004
5300000 0.000005
5290000 0.000004
5280000 0.000004
5270000 0.000005
5260000 0.000007
5250000 0.000003
5240000 0.000003
5230000 0.000005
5220000 0.000003
5210000 0.000008
5200000 0.000008
5190000 0.000009
5180000 0.000004
5170000 0.000006
5160000 0.000011
5150000 0.000004
5140000 0.000006
5130000 0.000005
5120000 0.000006
5110000 0.000005
5100000 0.000004
5090000 0.000003
5080000 0.000006
5070000 0.000004
5060000 0.000005
5050000 0.000007
5040000 0.000013
5030000 0.000010
5020000 0.000006
5010000 0.000011
5000000 0.000004
4990000 0.000006
4980000 0.000011
4970000 0.000003
4960000 0.000003
4950000 0.000007
4940000 0.000006
4930000 0.000006
4920000 0.000012
4910000 0.000008
4900000 0.000004
4890000 0.000011
4880000 0.000006
4870000 0.000007
4860000 0.000004
4850000 0.000005
4840000 0.000006
4830000 0.000006
4820000 0.000005
4810000 0.000005
4800000 0.000007
4790000 0.000006
4780000 0.000003
4770000 0.000005
4760000 0.000005
4750000 0.000002
4740000 0.000007
4730000 0.000004
4720000 0.000003
4710000 0.000010
4700000 0.000003
4690000 0.000012
4680000 0.000007
4670000 0.000007
4660000 0.000004
4650000 0.000009
4640000 0.000005
4630000 0.000004
4620000 0.000003
4610000 0.000010
4600000 0.000007
4590000 0.000008
4580000 0.000030
4570000 0.000023
4560000 0.000049
4550000 0.000015
4540000 0.000016
4530000 0.000012
4520000 0.000004
4510000 0.000005
4500000 0.000003
4490000 0.000007
4480000 0.000005
4470000 0.000002
4460000 0.000003
4450000 0.000003
4440000 0.000003
4430000 0.000002
4420000 0.000003
4410000 0.000003
4400000 0.000006
4390000 0.000003
4380000 0.000007
4370000 0.000008
4360000 0.000005
4350000 0.000004
4340000 0.000003
4330000 0.000006
4320000 0.000003
4310000 0.000003
4300000 0.000002
4290000 0.000003
4280000 0.000003
4270000 0.000002
4260000 0.000006
4250000 0.000003
4240000 0.000005
4230000 0.000005
4220000 0.000004
4210000 0.000002
4200000 0.000003
4190000 0.000002
4180000 0.000004
4170000 0.000003
4160000 0.000004
4150000 0.000004
4140000 0.000004
4130000 0.000002
4120000 0.000003
4110000 0.000003
4100000 0.000003
4090000 0.000002
4080000 0.000006
4070000 0.000002
4060000 0.000006
4050000 0.000003
4040000 0.000003
4030000 0.000003
4020000 0.000004
4010000 0.000003
4000000 0.000003
3990000 0.000005
3980000 0.000004
3970000 0.000004
3960000 0.000004
3950000 0.000004
3940000 0.000003
3930000 0.000002
3920000 0.000013
3910000 0.000003
3900000 0.000003
3890000 0.000002
3880000 0.000003
3870000 0.000003
3860000 0.000003
3850000 0.000006
3840000 0.000003
3830000 0.000005
3820000 0.000023
3810000 0.000017
3800000 0.000032
3790000 0.000040
3780000 0.000009
3770000 0.000007
3760000 0.000008
3750000 0.000022
3740000 0.000024
3730000 0.000010
3720000 0.000024
3710000 0.000006
3700000 0.000006
3690000 0.000003
3680000 0.000006
3670000 0.000025
3660000 0.000028
3650000 0.000016
3640000 0.000014
3630000 0.000006
3620000 0.000028
3610000 0.000008
3600000 0.000007
3590000 0.000008
3580000 0.000010
3570000 0.000005
3560000 0.000005
3550000 0.000002
3540000 0.000009
3530000 0.000008
3520000 0.000003
3510000 0.000015
3500000 0.000005
3490000 0.000003
3480000 0.000004
3470000 0.000007
3460000 0.000006
3450000 0.000003
3440000 0.000005
3430000 0.000003
3420000 0.000004
3410000 0.000003
3400000 0.000004
3390000 0.000004
3380000 0.000002
3370000 0.000003
3360000 0.000003
3350000 0.000004
3340000 0.000004
3330000 0.000003
3320000 0.000005
3310000 0.000004
3300000 0.000006
3290000 0.000006
3280000 0.000004
3270000 0.000006
3260000 0.000004
3250000 0.000006
3240000 0.000003
3230000 0.000003
3220000 0.000002
3210000 0.000003
3200000 0.000006
3190000 0.000005
3180000 0.000004
3170000 0.000003
3160000 0.000004
3150000 0.000007
3140000 0.000003
3130000 0.000004
3120000 0.000005
3110000 0.000004
3100000 0.000004
3090000 0.000005
3080000 0.000005
3070000 0.000002
3060000 0.000006
3050000 0.000006
3040000 0.000008
3030000 0.000004
3020000 0.000003
3010000 0.000004
3000000 0.000002
2990000 0.000004
2980000 0.000005
2970000 0.000003
2960000 0.000006
2950000 0.000004
2940000 0.000003
2930000 0.000007
2920000 0.000007
2910000 0.000008
2900000 0.000004
2890000 0.000004
2880000 0.000004
2870000 0.000006
2860000 0.000004
2850000 0.000007
2840000 0.000004
2830000 0.000002
2820000 0.000005
2810000 0.000003
2800000 0.000003
2790000 0.000002
2780000 0.000003
2770000 0.000004
2760000 0.000007
2750000 0.000004
2740000 0.000004
2730000 0.000007
2720000 0.000003
2710000 0.000004
2700000 0.000006
2690000 0.000003
2680000 0.000002
2670000 0.000003
2660000 0.000003
2650000 0.000004
2640000 0.000002
2630000 0.000006
2620000 0.000005
2610000 0.000006
2600000 0.000005
2590000 0.000006
2580000 0.000003
2570000 0.000004
2560000 0.000003
2550000 0.000008
2540000 0.000003
2530000 0.000006
2520000 0.000004
2510000 0.000003
2500000 0.000004
2490000 0.000003
2480000 0.000003
2470000 0.000004
2460000 0.000004
2450000 0.000005
2440000 0.000003
2430000 0.000003
2420000 0.000002
2410000 0.000004
2400000 0.000003
2390000 0.000003
2380000 0.000004
2370000 0.000003
2360000 0.000003
2350000 0.000005
2340000 0.000006
2330000 0.000005
2320000 0.000003
2310000 0.000005
2300000 0.000005
2290000 0.000004
2280000 0.000004
2270000 0.000004
2260000 0.000002
2250000 0.000005
2240000 0.000006
2230000 0.000003
2220000 0.000004
2210000 0.000003
2200000 0.000003
2190000 0.000004
2180000 0.000004
2170000 0.000002
2160000 0.000005
2150000 0.000003
2140000 0.000004
2130000 0.000003
2120000 0.000004
2110000 0.000004
2100000 0.000004
2090000 0.000003
2080000 0.000003
2070000 0.000001
2060000 0.000003
2050000 0.000002
2040000 0.000006
2030000 0.000004
2020000 0.000003
2010000 0.000004
2000000 0.000003
1990000 0.000002
1980000 0.000005
1970000 0.000002
1960000 0.000004
1950000 0.000003
1940000 0.000004
1930000 0.000002
1920000 0.000004
1910000 0.000004
1900000 0.000002
1890000 0.000004
1880000 0.000004
1870000 0.000011
1860000 0.000004
1850000 0.000006
1840000 0.000004
1830000 0.000007
1820000 0.000006
1810000 0.000004
1800000 0.000005
1790000 0.000003
1780000 0.000005
1770000 0.000005
1760000 0.000004
1750000 0.000002
1740000 0.000005
1730000 0.000002
1720000 0.000005
1710000 0.000010
1700000 0.000004
1690000 0.000004
1680000 0.000002
1670000 0.000003
1660000 0.000004
1650000 0.000004
1640000 0.000002
1630000 0.000004
1620000 0.000003
1610000 0.000004
1600000 0.000002
1590000 0.000003
1580000 0.000004
1570000 0.000004
1560000 0.000003
1550000 0.000004
1540000 0.000002
1530000 0.000003
1520000 0.000005
1510000 0.000005
1500000 0.000003
1490000 0.000006
1480000 0.000005
1470000 0.000003
1460000 0.000005
1450000 0.000002
1440000 0.000002
1430000 0.000003
1420000 0.000004
1410000 0.000004
1400000 0.000006
1390000 0.000003
1380000 0.000006
1370000 0.000003
1360000 0.000033
1350000 0.000004
1340000 0.000003
1330000 0.000004
1320000 0.000007
1310000 0.000004
1300000 0.000004
1290000 0.000007
1280000 0.000008
1270000 0.000003
1260000 0.000005
1250000 0.000004
1240000 0.000008
1230000 0.000040
1220000 0.000011
1210000 0.000011
1200000 0.000004
1190000 0.000004
1180000 0.000005
1170000 0.000002
1160000 0.000015
1150000 0.000003
1140000 0.000007
1130000 0.000006
1120000 0.000008
1110000 0.000008
1100000 0.000009
1090000 0.000014
1080000 0.000016
1070000 0.000010
1060000 0.000008
1050000 0.000007
1040000 0.000005
1030000 0.000006
1020000 0.000004
1010000 0.000008
1000000 0.000010
990000 0.000003
980000 0.000003
970000 0.000034
960000 0.000003
950000 0.000008
940000 0.000012
930000 0.000003
920000 0.000003
910000 0.000003
900000 0.000004
890000 0.000008
880000 0.000011
870000 0.000004
860000 0.000004
850000 0.000005
840000 0.000003
830000 0.000004
820000 0.000004
810000 0.000003
800000 0.000004
790000 0.000011
780000 0.000004
770000 0.000057
760000 0.000004
750000 0.000005
740000 0.000005
730000 0.000002
720000 0.000003
710000 0.000005
700000 0.000015
690000 0.000005
680000 0.000004
670000 0.000009
660000 0.000018
650000 0.000005
640000 0.000003
630000 0.000005
620000 0.000007
610000 0.000004
600000 0.000007
590000 0.000004
580000 0.000003
570000 0.000003
560000 0.000042
550000 0.000004
540000 0.000003
530000 0.000003
520000 0.000007
510000 0.000003
500000 0.000003
490000 0.000006
480000 0.000004
470000 0.000002
460000 0.000003
450000 0.000003
440000 0.000005
430000 0.000003
420000 0.000007
410000 0.000002
400000 0.000005
390000 0.000004
380000 0.000008
370000 0.000008
360000 0.000006
350000 0.000003
340000 0.000003
330000 0.000003
320000 0.000002
310000 0.000007
300000 0.000004
290000 0.000007
280000 0.000005
270000 0.000002
260000 0.000003
250000 0.000003
240000 0.000003
230000 0.000004
220000 0.000003
210000 0.000003
200000 0.000004
190000 0.000002
180000 0.000002
170000 0.000002
160000 0.000002
150000 0.000007
140000 0.000002
130000 0.000006
120000 0.000005
110000 0.000003
100000 0.000001
90000 0.000003
80000 0.000002
70000 0.000002
60000 0.000006
50000 0.000003
40000 0.000000
30000 0.000004
20000 0.000000
10000 0.000001