92 6698253
26 250612
12 589406
6 5704359
2 5075776
39 7601803
51 3755135
50 3780414
67 7222859
44 9129834
95 3917147
97 2397724
16 5364751
41 3920621
79 7242625
90 589802
25 283051
21 7415783
80 6901156
52 5932829
54 9791422
40 7010550
28 2718637
53 8592021
72 2486387
36 9365778
1 285496
34 1810254
17 601026
66 2525608
84 5973279
37 3211509
56 3950528
3 2497570
15 6561271
98 2759710
88 5945149
74 3587097
58 7328644
29 2687497
75 5312972
7 3553021
18 1427214
46 7428997
81 6152550
96 8274249
47 4853791
85 2949020
10 5490346
68 8879657
49 6468017
22 2310374
24 8494351
73 1087952
38 1954526
99 2506000
32 6393657
71 4299536
31 4913956
23 8974357
57 8632028
42 5786055
76 1031488
62 7608340
100 1515382
61 8908551
5 6967057
89 4432689
91 6972625
87 2955279
63 9794645
19 1305260
64 9765368
77 8610682
94 6930558
27 782883
48 1781703
83 386797
13 5005141
65 3119661
20 2664445
8 6823031
69 5184350
14 2279970
55 5272069
78 2959527
86 4045470
4 798085
11 1483770
82 3827495
43 4860327
35 7586448
9 337937
70 2160058
45 2850616
59 3376594
30 4636717
33 559361
60 1932064
93 4737318
