154 5237383
242 7669351
36 3916796
557 1741574
935 138700
821 7822289
782 3915596
318 7752714
273 7636835
159 5904130
399 2732967
696 6317661
744 8043656
201 4069458
825 2867600
102 476844
784 7518701
884 6917824
875 6250476
223 2092290
178 1836778
79 1322044
506 323936
857 9295301
924 644720
937 2307130
550 4331605
390 1838062
27 1322360
680 156686
829 1686718
453 9133782
588 3511104
366 1179315
103 1866223
805 4315273
559 4333321
435 810545
149 1151695
773 7891165
264 3025385
728 8057870
687 8684062
974 6041924
851 1263939
85 8587806
81 543561
986 3871262
10 2810597
337 3530255
907 9788297
474 1522061
144 1894713
522 6760313
278 4778499
911 7901238
67 9661655
540 9638147
293 2682756
742 3403815
871 9257887
9 8608334
653 7680977
988 7941893
333 5685797
774 420472
919 8313545
833 6230653
287 4461815
347 1226462
776 3427982
313 7793426
378 9196451
878 523000
495 8027468
862 6812331
411 7261840
1000 9227599
418 1716086
363 7036296
182 1855310
520 6299646
980 7810206
985 678127
535 2341281
397 1604414
353 9426390
965 1422497
445 8147414
863 7058995
629 7292798
886 159510
955 2744920
2 3444557
402 8900272
357 3576363
664 514582
972 4767527
359 9827581
283 6745638
450 2077233
375 1934245
617 4529115
108 5736165
611 2060763
648 9893378
74 9901224
549 5112371
940 3414090
647 4305093
365 1367365
262 5115719
803 3119113
987 6143628
759 3612455
665 3395610
3 6716269
675 4866687
615 7734036
259 4106395
733 147300
424 1678736
396 8248997
106 4609064
177 1899248
404 3561124
814 6508446
403 9549544
332 1376237
575 8252954
59 9356395
370 6875851
898 437521
601 3939128
558 9069622
747 1775436
507 2125676
452 9941538
586 1138836
808 2569327
421 1720731
570 504323
279 2341068
160 1704538
286 3292595
197 6175772
260 670116
651 7066110
340 7692405
867 2683787
963 3018369
275 2272338
50 5810692
800 7857943
903 3148446
198 5222
981 1887484
850 8145945
544 5790774
709 9376632
778 5584266
812 404948
324 1854226
932 704183
276 703956
419 7299963
765 5933551
118 6098062
176 7653902
486 6827034
971 17325
909 9664909
30 4257302
136 2547046
666 7214034
585 521908
694 6945753
194 3798842
135 7664606
688 2087281
18 8533535
24 8360590
566 7871995
379 5600068
551 1536912
409 5368874
533 6757330
866 3070654
796 6551120
245 3839576
788 1300476
921 2136535
622 21833
37 7390497
734 3830066
960 1528187
325 9696032
466 4082581
869 1610795
523 2082234
947 3911215
953 2872471
254 6306138
16 6109889
723 8366636
33 7028447
944 1862191
14 8505326
571 9188212
138 1310236
705 1112870
761 5847179
846 9436253
895 5584017
635 9548482
51 2792057
269 6561029
597 6593892
807 5112911
297 4282834
736 4746186
22 6764332
247 6910481
717 733603
291 4931100
170 395955
367 1581629
913 8314451
395 8130444
838 1281581
978 8833289
459 9525429
970 7841744
792 9215245
146 4275803
541 6607045
150 3494237
227 8317858
596 7495174
328 5421982
590 8047465
958 1875530
84 2970243
122 8225599
11 4844455
317 5889504
521 8829003
78 6320359
185 5740827
879 3677384
208 4384889
232 4208146
266 5581211
464 9446644
633 6465580
610 1059494
567 1726124
887 8337211
449 6730933
437 6820216
339 436535
485 6010478
116 2509678
605 9370790
216 8315945
689 5209074
854 6445143
191 992216
891 6326558
133 4993657
769 2253800
552 9760332
621 5725882
319 365422
658 1489705
755 7017750
532 6539228
632 9249531
151 5692749
518 5309365
71 8893196
936 3872935
187 5357304
107 9368216
587 1478000
66 1677564
922 716147
203 3579823
361 1282928
504 7373344
536 8165242
25 1649681
721 5321269
304 4924913
836 7593825
969 2264841
957 3861381
509 1734815
228 9212878
188 8478720
910 4905249
76 4465221
655 2855182
849 4453886
657 3624589
77 476695
388 3731149
882 1767630
346 3609641
19 8523358
804 9519502
565 5122847
349 1901525
704 456872
877 9523387
908 768839
826 8712286
109 3636311
212 7051590
883 5883365
584 6040742
832 1120270
224 3124695
729 9415396
17 6605691
787 1994808
360 4750106
858 409136
876 1407283
992 7891222
193 1257976
553 1687986
155 4440291
296 5005484
813 391132
598 9192414
710 9389124
380 486888
385 6142154
951 9209090
165 5095981
181 8252732
473 4197142
137 3047478
801 1080240
46 4975141
303 2714933
892 4685275
996 1661369
512 9215341
480 4054014
840 8194274
968 3489493
323 2503218
200 5794058
383 9327127
292 2616127
984 4007163
444 8951100
547 7323978
239 9524211
933 1345483
246 3104833
86 7515048
70 133934
673 1720307
775 1647575
643 539865
815 7036234
581 8894322
497 8561834
94 984752
786 6443448
202 2992833
678 5057877
41 9046421
334 5423556
4 4688496
732 1655410
695 2254999
656 6474319
174 7601215
215 6984522
556 166459
455 5568380
167 5503551
626 1238555
989 5247711
89 7560450
820 3015850
156 6252971
234 2637801
686 9702899
141 4234456
38 6718130
261 7433198
865 3395980
750 1229405
649 620062
607 8266246
211 3032423
531 6009866
169 6491738
602 6982140
606 9214156
654 7381844
23 910763
569 6547205
583 71241
639 7513219
131 850573
915 8218468
770 1900832
123 4971056
436 4225657
101 4028245
797 2066789
300 9083949
631 2882254
6 5772689
697 4473688
158 5948787
314 3382050
874 4139100
493 7300578
219 7409242
442 1225492
616 2085163
856 3649639
161 4199381
7 3917811
420 9767972
338 2198220
724 6720418
822 5975191
65 9536731
642 2447881
448 5064038
427 4282931
73 4275701
614 5057088
513 9218204
252 3616579
348 3239902
529 2328756
214 2493423
31 5643960
90 6487041
848 2470454
841 6262399
451 5426833
221 5758965
113 705968
711 860576
470 6754928
475 8268202
434 4078355
811 9676240
920 8133323
413 3081285
326 8147675
830 937513
52 7435572
321 6249107
432 2758480
754 4128085
302 5003407
463 2254658
382 5291148
458 6567418
168 5061698
503 7033701
730 4471552
243 3230988
462 3255898
845 9060738
563 8122856
669 3585806
392 5001254
192 1176747
930 633979
374 6182638
147 6151749
417 2178346
758 952015
855 1955129
562 4957474
731 78462
263 5911637
702 7982802
959 9557018
707 8639279
998 9656623
975 2511489
904 6966960
205 6936606
650 7017922
683 2175897
173 7002827
410 4077687
573 9618615
684 3834820
692 3484663
771 5020385
117 5232109
128 9189809
612 7150883
941 6717003
217 7571703
967 5362883
977 6431631
311 633619
163 7534218
407 6348331
939 2901995
757 6540678
288 1267693
468 2584117
110 2592693
39 1816335
484 5132742
443 3931323
662 5594486
362 931418
990 9863772
906 7019503
579 9549424
344 4198670
739 7152005
783 2010587
93 3192647
488 1669371
229 3162796
983 3811246
764 6920148
440 3364876
716 5402285
400 5310968
196 1703982
465 6596065
735 5244438
946 3960342
781 2996174
674 1447044
918 4832987
661 4515059
885 3008798
691 8791139
58 6654187
500 5497424
190 2728983
218 7111230
703 2067164
142 7176108
577 2120048
1 3422638
104 18816
828 1289550
140 105442
943 1667425
429 4496509
995 8828545
516 9896356
47 1045414
467 8958921
699 8479803
999 294825
456 7577814
604 970215
860 1780637
511 4027546
667 6423817
83 2561437
899 3814301
844 9726413
28 6737515
546 7830859
238 7799480
330 5915630
672 9777750
166 5770257
60 6543732
115 9156027
748 9871041
48 2283403
706 849726
210 1810498
636 3880633
88 1215903
839 9784114
301 4200120
893 5926497
312 7283577
708 7984758
186 6965370
280 8234936
595 6886709
290 4357287
381 7448906
13 9075945
430 4839455
256 6915198
997 8882854
608 6250111
469 6391365
199 7186763
277 2619470
124 6467393
26 4237996
555 7628300
423 7451582
431 2643088
148 3519014
949 993219
358 7645035
428 6042166
255 7615428
32 9422755
916 2026610
948 5400145
534 8172326
591 2161278
560 8684260
471 5670855
57 2866167
335 9927971
737 6523583
793 3282021
393 1953191
677 6196024
494 9990582
625 1002268
809 5698483
827 3255729
284 3667956
491 1499160
528 6741336
527 5028873
961 3538593
132 7001164
99 3870626
257 117598
719 3495828
285 4144211
897 9253563
315 2549506
873 2125232
795 490391
762 6964197
329 5292555
888 2842654
271 2012198
226 8102569
952 273196
454 3487428
354 3114346
342 3842580
100 6304923
644 9692133
408 9841007
681 6607670
209 35027
49 1569124
478 709634
62 4451809
698 3096108
356 7712668
726 5140248
962 8826311
355 9206598
954 5135158
213 4193179
487 1087305
837 8867604
806 5400096
438 8078717
894 1879738
92 5717642
389 2049852
576 8248116
928 266459
852 2723559
425 3306393
415 2836283
668 5417811
593 8222348
847 7248306
515 3578201
767 1405699
237 6159495
526 9458504
623 1485885
446 9538534
64 4815020
40 5140896
640 5131779
97 8376229
5 53362
745 9116392
749 5534325
306 2551408
816 3843934
835 6925405
204 6502121
125 4182164
714 5890812
524 2540224
152 8439853
934 9367628
508 7578718
502 8951671
111 5150558
35 6696655
802 5288264
641 7479902
80 7013045
222 4232994
637 2498742
599 7741758
253 2477185
119 7020109
510 5167307
772 8142365
519 727703
902 5998294
53 4156483
594 1746384
308 6218042
964 1918117
496 3961020
372 899916
351 8964494
244 4979244
574 9842089
68 886646
693 2355319
327 9196907
501 5317371
492 415790
798 5144140
548 1559274
127 5169867
542 547656
63 1331980
179 2293229
472 3967906
853 3441330
422 6799026
369 7966796
819 3343387
121 5740645
843 9249397
343 8051526
561 3702917
220 5354023
233 3760908
630 9582329
609 4213280
679 477351
660 9061046
779 5738291
483 9450291
794 7766727
823 9349825
105 5791306
634 3813935
130 3523000
282 7800907
75 5067869
539 1296678
859 6955771
309 7407048
114 6806579
69 2130715
230 7478512
55 9054780
139 5083443
274 3643515
994 7507833
96 897644
267 4860029
896 3554695
514 898923
416 150001
29 7501616
993 6881993
43 3210873
477 7734701
331 6367151
537 2935770
926 4218003
880 8699576
568 1463176
294 3639794
157 7978009
738 4153417
545 8801993
868 1168260
298 3678155
713 2866825
295 1697546
20 1155786
180 124507
476 5106101
270 4167154
373 3095301
457 3026797
790 2101049
405 7976359
352 7102132
345 3377093
225 4890009
439 3615043
195 680984
371 4105761
305 482101
554 1932604
543 8486048
979 6097897
864 9581924
56 2543449
391 7028817
250 1421133
578 5977768
646 5333450
207 609594
780 6921936
387 8051703
663 7327179
235 5750000
861 7782651
414 2084847
538 1135990
889 57470
938 657430
613 8161936
638 2450685
905 8016779
718 1297537
441 5545726
164 2272220
756 5447394
341 3954653
652 4751359
701 4168004
670 9225222
890 5306339
725 441931
248 1136786
460 6891923
976 1684726
582 8516181
564 7319907
763 3303570
34 5489135
931 9979861
82 219486
289 848970
751 8484566
618 7120641
120 1125684
740 9473010
281 6888898
206 4466093
900 6203066
482 6709524
872 3724906
818 1164296
690 9122224
143 3386395
659 9492310
54 7997374
384 8241318
777 6101403
831 1938861
766 2177608
134 9517659
912 2548083
982 1872894
620 5038694
310 9055883
991 5640235
870 6725610
299 20759
834 749973
241 9975093
44 4336118
376 2714607
394 5090521
268 7181086
461 5101130
824 5161697
752 5942380
791 541689
572 9399313
676 9143661
231 7899157
950 5250862
368 6485109
842 7039123
722 662328
600 7668455
481 1319271
789 2538235
743 9715795
320 9789101
727 8597933
336 3722228
817 7532340
712 1364782
525 8285270
603 6876484
236 7449463
183 3472961
87 4814437
700 5726687
112 1323680
322 7461531
956 1479863
628 806611
61 2272473
171 3088842
153 511166
753 8777658
401 9956938
517 9653228
386 703411
426 7602165
923 167334
189 7500967
479 2305
505 1017697
627 5076209
810 2921724
272 2697893
72 7183494
12 5899274
489 6967051
42 6943331
175 7638030
671 6427138
265 8019584
925 9263540
945 7535343
914 5237430
433 4140305
364 1863059
760 7533253
162 272022
592 3127262
619 9856754
8 5106270
530 7118236
447 7198822
901 6913881
490 5360798
307 6707919
715 5560944
589 1642911
881 2590918
316 1485149
927 5476091
499 752379
746 6686837
377 4131273
45 9371705
682 9872746
398 1164229
741 5073090
240 150992
258 7474408
145 8158322
645 6515380
406 1973227
350 3855002
799 1754232
685 1987948
184 241025
917 7256231
249 1345921
624 4241410
929 4969696
942 3993746
172 4452440
15 4870580
785 2846754
98 407077
95 337631
412 8390084
720 2947963
129 25474
973 6269480
580 8607464
498 5873436
126 5118905
21 3859892
91 3633607
966 4775973
768 701706
251 2160092
